z_low = 707433.5799999919
z_mid = 456684.5799999908
z_high = 383672.90999995515
total_revenue_low = 3.077809999999999e6
total_revenue_mid = 3.2067100000000154e6
total_revenue_high = 3.1773400000000326e6
transported_cargo_low = 0.7061582381729056
transported_cargo_mid = 0.75326264274062
transported_cargo_high = 0.7691680261011415
number_paths_w_flow_low = 18
number_paths_w_flow_mid = 20
number_paths_w_flow_high = 13
number_services_low = 4
number_services_mid = 4
number_services_high = 4
services = Matrix{Any}
[[1 96551.0 "Feeder_450" "DEBRV" "DKAAR" "DEBRV"], 
[2 242712.07 "Feeder_800" "DEBRV" "RULED" "FIKTK" "RUKGD" "DEBRV"], 
[2 222642.17 "Feeder_450" "DEBRV" "PLGDY" "RUKGD" "DKAAR" "SEGOT" "DEBRV"], 
[1 104869.67 "Feeder_450" "DEBRV" "SEGOT" "DEBRV"]]
all_revenues Any[[1120, 790, 1050, 1250, 1610, 1040, 760, 2030, 870, 1130, 880, 1150, 1130, 1080, 960, 780, 590, 1150, 1160, 590, 860, 760, 1120, 790, 1050, 1250, 1610, 1040, 760, 2030, 870, 1130, 880, 1150, 1130, 1080, 960, 780, 590, 1150, 1160, 590, 860, 760, 1120, 790, 1250, 1610, 760, 2030, 870, 1130, 880, 1150, 1130, 1080, 960, 780, 590, 1160, 590, 760, 1120, 790, 1050, 1250, 1610, 1040, 760, 870, 1130, 880, 1150, 1130, 960, 780, 590, 1150, 1160, 590, 860, 760, 1120, 790, 1050, 1250, 1610, 1040, 760, 870, 1130, 880, 1150, 1130, 1080, 960, 780, 590, 1150, 1160, 590, 860, 760, 1120, 1050, 1610, 1040, 760, 2030, 870, 1130, 880, 1150, 1130, 1080, 960, 780, 590, 1160, 590, 860, 760, 1120, 790, 1050, 1610, 1040, 760, 2030, 870, 1130, 1150, 1130, 1080, 960, 780, 1160, 590, 860, 760, 1120, 790, 1050, 1250, 1610, 1040, 760, 2030, 870, 1130, 1150, 1130, 1080, 960, 780, 1160, 590, 860, 760, 790, 1050, 1250, 1610, 1040, 760, 2030, 870, 1130, 1150, 1130, 1080, 960, 780, 590, 860, 760, 790, 1050, 1610, 1040, 760, 2030, 870, 1130, 1150, 1130, 1080, 780, 590, 860, 790, 1050, 1040, 760, 870, 1130, 1150, 1130, 1080, 780, 590, 860, 790, 1050, 1610, 1040, 760, 2030, 870, 1130, 1150, 1130, 780, 590, 860, 1050, 1040, 760, 870, 1130, 1150, 1130, 1080, 590, 1050, 1040, 760, 870, 1130, 1150, 1130, 1080, 590, 860, 790, 1050, 1610, 1040, 760, 2030, 870, 1130, 1150, 1130, 1080, 780, 1160, 590, 860, 1040, 760, 870, 1130, 1150, 1130, 1080, 1160, 590, 790, 1040, 760, 870, 1130, 1150, 1130, 1080, 1160, 590, 790, 1040, 760, 870, 1130, 1150, 1130, 1080, 1160, 590, 1040, 760, 870, 1130, 1150, 1130, 1080, 590, 790, 1040, 870, 1130, 1130, 590, 1040, 760, 870, 1130, 1130, 590, 1040, 760, 870, 1130, 1150, 1130, 590, 1040, 760, 870, 1130, 1130, 590, 1040, 760, 870, 1130, 1150, 1130, 1080, 590, 1040, 870, 1130, 1130, 590, 1040, 870, 1130, 1150, 1040, 870, 1130, 1130, 590, 1040, 870, 1130, 1130, 590, 1040, 870, 1130, 1130, 590, 1040, 870, 1130, 1130, 590, 1040, 1130, 1130, 590], [1120, 790, 1050, 1250, 1610, 1040, 760, 2030, 870, 1130, 880, 1150, 1130, 1080, 960, 780, 590, 1150, 1160, 590, 860, 760, 1120, 790, 1050, 1250, 1610, 1040, 760, 2030, 870, 1130, 880, 1150, 1130, 1080, 960, 780, 590, 1150, 1160, 590, 860, 760, 1120, 790, 1050, 1250, 1610, 1040, 760, 2030, 870, 1130, 1130, 1080, 960, 780, 1160, 590, 760, 1120, 790, 1050, 1250, 1610, 1040, 760, 2030, 870, 1130, 1150, 1130, 1080, 960, 780, 590, 1150, 1160, 590, 760, 1120, 790, 1050, 1250, 1610, 1040, 760, 2030, 870, 1130, 880, 1150, 1130, 1080, 960, 780, 590, 1150, 590, 860, 760, 1120, 790, 1050, 1250, 1040, 760, 870, 880, 1150, 1130, 1080, 960, 590, 1150, 590, 860, 760, 1120, 790, 1050, 1250, 1610, 1040, 760, 2030, 870, 1130, 880, 1150, 1130, 1080, 960, 590, 590, 860, 760, 1120, 790, 1050, 1610, 1040, 2030, 870, 1130, 880, 1150, 1130, 1080, 960, 780, 1160, 590, 860, 1120, 790, 1050, 1250, 1610, 1040, 760, 2030, 870, 1130, 880, 1150, 1130, 1080, 960, 780, 590, 1150, 1160, 590, 860, 760, 1120, 790, 1050, 1610, 1040, 760, 2030, 870, 1130, 880, 1150, 1130, 1080, 960, 780, 590, 860, 760, 1120, 790, 1050, 1610, 1040, 760, 2030, 870, 1130, 880, 1150, 1130, 1080, 960, 780, 590, 590, 860, 1120, 790, 1050, 1610, 1040, 760, 2030, 870, 1130, 880, 1150, 1130, 1080, 960, 780, 590, 590, 860, 1120, 790, 1050, 1610, 1040, 760, 2030, 870, 1130, 880, 1150, 1130, 1080, 960, 780, 590, 590, 860, 1120, 790, 1050, 1610, 1040, 760, 2030, 870, 1130, 880, 1150, 1130, 1080, 960, 780, 590, 590, 860, 1120, 790, 1050, 1610, 1040, 760, 2030, 870, 1130, 880, 1150, 1130, 1080, 960, 780, 590, 590, 860, 1120, 790, 1050, 1040, 760, 2030, 870, 1130, 880, 1150, 1130, 1080, 960, 780, 590, 860, 1120, 790, 1050, 1610, 1040, 760, 2030, 870, 1130, 880, 1150, 1130, 1080, 960, 780, 590, 860, 1120, 790, 1050, 1610, 1040, 760, 2030, 870, 1130, 880, 1150, 1130, 1080, 780, 590, 860, 1120, 790, 1050, 1040, 760, 2030, 870, 1130, 880, 1150, 1130, 1080, 780, 590, 860, 1120, 790, 1050, 1610, 1040, 760, 2030, 870, 1130, 1150, 1130, 1080, 780, 590, 860, 1120, 790, 1050, 1610, 1040, 760, 2030, 870, 1130, 1150, 1130, 1080, 780, 590, 860, 1120, 790, 1050, 1610, 1040, 760, 2030, 870, 1130, 1150, 1130, 1080, 780, 590, 860, 1120, 790, 1040, 760, 870, 1130, 1150, 1130, 1080, 590, 860, 1120, 790, 1050, 1610, 1040, 760, 2030, 870, 1130, 1130, 1080, 780, 590, 860, 1120, 1040, 760, 870, 1130, 1130, 1080, 590, 860, 1120, 790, 1050, 1610, 1040, 760, 2030, 870, 1130, 1150, 1130, 780, 590, 860, 1040, 760, 870, 1130, 1130, 1080, 1160, 590, 860, 1040, 760, 870, 1130, 1130, 1160, 590, 860, 790, 1040, 760, 870, 1130, 1150, 1130, 1160, 590, 790, 1050, 1610, 1040, 760, 2030, 870, 1130, 1130, 780, 1160, 590, 860, 1040, 870, 1130, 1130, 1160, 590, 860, 790, 1050, 1610, 1040, 760, 2030, 870, 1130, 1130, 780, 1160, 590, 860, 1040, 760, 870, 1130, 1130, 1160, 590, 860, 790, 1050, 1610, 1040, 2030, 870, 1130, 1130, 780, 1160, 590, 860, 1040, 760, 870, 1130, 1130, 590, 860, 1040, 870, 1130, 1130, 590, 1040, 870, 1130, 1130, 590, 1040, 870, 1130, 1150, 1130, 590, 1040, 870, 1130, 1130, 590, 1040, 870, 1130, 1130, 590, 1040, 870, 1130, 1130, 590, 1040, 870, 1130, 1130, 1160, 590, 790, 1040, 870, 1130, 1130, 590, 1040, 870, 1130, 1130, 590, 1040, 870, 1130, 1130, 590, 1040, 870, 1130, 1130, 590, 1040, 870, 1130, 1130, 590, 1040, 870, 1130, 1130, 590, 790, 1040, 870, 1130, 1130, 590, 790, 1040, 870, 1130, 1130, 590, 1040, 870, 1130, 1130, 590, 1040, 870, 1130, 1130, 590, 1040, 870, 1130, 1130, 590, 1040, 870, 1130, 1130, 590, 1040, 870, 1130, 1130, 590, 1040, 870, 1130, 1130, 590, 860, 1040, 870, 1130, 1130, 590, 1120, 1040, 870, 1130, 1130, 590, 1120, 1040, 870, 1130, 1130, 590, 1120, 870, 590, 1120, 870, 590, 870, 1130, 1130, 590, 870, 590, 870, 590, 1040, 870, 1130, 1130, 590, 590, 1130, 590, 870, 590, 1040, 870, 1130, 1130, 590, 1040, 870, 1130, 1130, 590, 1040, 870, 1130, 1130, 590, 1040, 870, 1130, 1130, 590, 1040, 870, 1130, 1130, 590, 1040, 870, 1130, 1130, 590, 1040, 590, 1040, 870, 1130, 1130, 590, 590, 590, 870, 590, 590, 590, 1040, 870, 1130, 1130, 590, 870, 1040, 1130, 590, 1040, 870, 1130, 1130, 590, 870, 590, 1040, 870, 1130, 590, 1040, 870, 1130, 1130, 590], [1120, 790, 1050, 1250, 1610, 1040, 760, 2030, 870, 1130, 880, 1150, 1130, 1080, 960, 780, 590, 1150, 1160, 590, 860, 760, 1120, 790, 1050, 1250, 1610, 1040, 760, 2030, 870, 1130, 880, 1150, 1130, 1080, 960, 780, 590, 1150, 1160, 590, 860, 760, 1120, 790, 1050, 1250, 1610, 1040, 760, 2030, 870, 1130, 1130, 1080, 960, 780, 1150, 1160, 590, 760, 1120, 790, 1050, 1250, 1610, 1040, 760, 2030, 870, 1150, 1080, 960, 780, 590, 1150, 1160, 590, 760, 1120, 790, 1050, 1250, 1610, 1040, 760, 2030, 870, 1130, 1150, 1130, 1080, 960, 780, 590, 1150, 590, 860, 760, 1120, 790, 1050, 1250, 1610, 1040, 760, 2030, 870, 1130, 1150, 1130, 1080, 960, 780, 590, 1150, 590, 860, 760, 1120, 790, 1050, 1250, 1610, 1040, 760, 870, 1130, 880, 1150, 1130, 1080, 960, 780, 590, 1150, 590, 860, 760, 1120, 790, 1050, 1250, 1610, 1040, 760, 2030, 870, 1130, 880, 1150, 1130, 1080, 960, 590, 1150, 1160, 590, 760, 1120, 790, 1050, 1250, 1610, 1040, 760, 2030, 870, 1130, 880, 1150, 1130, 1080, 960, 590, 1150, 1160, 590, 860, 760, 1120, 790, 1050, 1250, 1610, 1040, 760, 2030, 870, 1130, 880, 1150, 1130, 1080, 960, 780, 590, 1150, 1160, 590, 860, 760, 1120, 790, 1050, 1250, 1610, 1040, 760, 2030, 870, 1130, 880, 1150, 1130, 1080, 960, 780, 1150, 1160, 590, 860, 760, 1120, 790, 1050, 1610, 1040, 760, 2030, 870, 1130, 880, 1150, 1130, 1080, 960, 780, 590, 1150, 1160, 590, 860, 760, 1120, 790, 1050, 1610, 1040, 760, 2030, 870, 1130, 880, 1150, 1130, 1080, 960, 780, 590, 1150, 1160, 590, 860, 760, 1120, 790, 1050, 1610, 1040, 760, 2030, 870, 1130, 880, 1150, 1130, 1080, 960, 780, 590, 1160, 590, 860, 760, 1120, 790, 1050, 1610, 1040, 760, 2030, 870, 1130, 880, 1150, 1130, 1080, 960, 780, 590, 1160, 590, 860, 760, 1120, 790, 1050, 1610, 1040, 760, 2030, 870, 1130, 880, 1150, 1130, 1080, 960, 780, 590, 1160, 590, 860, 760, 1120, 790, 1050, 1610, 1040, 760, 2030, 870, 1130, 880, 1150, 1130, 1080, 960, 780, 590, 1160, 590, 860, 1120, 790, 1050, 1610, 1040, 760, 2030, 870, 1130, 880, 1150, 1130, 1080, 960, 780, 590, 1160, 590, 860, 1120, 790, 1050, 1610, 1040, 760, 2030, 870, 1130, 880, 1150, 1130, 1080, 960, 780, 590, 1160, 590, 860, 1120, 790, 1050, 1610, 1040, 760, 2030, 870, 1130, 880, 1150, 1130, 1080, 960, 780, 590, 1160, 590, 860, 1120, 790, 1050, 1040, 760, 2030, 870, 1130, 880, 1150, 1130, 1080, 960, 780, 590, 1160, 590, 860, 1120, 790, 1050, 1610, 1040, 760, 2030, 870, 1130, 880, 1150, 1130, 1080, 960, 780, 590, 1160, 590, 860, 1120, 790, 1050, 1610, 1040, 760, 2030, 870, 1130, 880, 1150, 1130, 1080, 960, 780, 590, 1160, 590, 860, 1120, 790, 1050, 1040, 760, 2030, 870, 1130, 880, 1150, 1130, 1080, 960, 780, 590, 1160, 590, 860, 1120, 790, 1050, 1610, 1040, 760, 2030, 870, 1130, 880, 1150, 1130, 1080, 960, 780, 590, 590, 860, 1120, 790, 1050, 1040, 760, 870, 1130, 880, 1150, 1130, 1080, 960, 780, 590, 590, 860, 1120, 790, 1050, 1040, 760, 2030, 870, 1130, 880, 1150, 1130, 1080, 960, 780, 590, 590, 860, 1120, 790, 1050, 1610, 1040, 760, 2030, 870, 1130, 880, 1150, 1130, 1080, 960, 780, 590, 590, 860, 1120, 790, 1040, 760, 870, 1130, 880, 1150, 1130, 1080, 960, 780, 590, 590, 860, 1120, 790, 1040, 760, 2030, 870, 1130, 880, 1150, 1130, 1080, 960, 780, 590, 590, 860, 1120, 790, 1050, 1610, 1040, 760, 2030, 870, 1130, 880, 1150, 1130, 1080, 960, 780, 590, 860, 1120, 790, 1040, 760, 870, 1130, 880, 1150, 1130, 1080, 960, 780, 590, 860, 1120, 790, 1050, 1040, 760, 870, 1130, 880, 1150, 1130, 1080, 960, 780, 590, 860, 1120, 790, 1050, 1610, 1040, 760, 2030, 870, 1130, 880, 1150, 1130, 1080, 960, 780, 590, 860, 1120, 790, 1050, 1040, 760, 870, 1130, 880, 1150, 1130, 1080, 960, 780, 590, 860, 1120, 790, 1050, 1610, 1040, 760, 2030, 870, 1130, 1150, 1130, 1080, 960, 780, 590, 860, 1120, 790, 1050, 1610, 1040, 760, 2030, 870, 1130, 1150, 1130, 1080, 960, 780, 590, 860, 1120, 790, 1050, 1610, 1040, 760, 2030, 870, 1130, 1150, 1130, 1080, 960, 780, 590, 860, 1120, 790, 1040, 870, 1130, 1150, 1130, 1080, 960, 780, 590, 860, 1120, 1040, 760, 2030, 870, 1130, 1150, 1130, 1080, 960, 780, 590, 860, 1120, 790, 1050, 1610, 1040, 2030, 870, 1130, 1150, 1130, 1080, 960, 780, 590, 860, 1120, 790, 1040, 760, 870, 1130, 880, 1150, 1130, 1080, 960, 780, 590, 860, 1120, 790, 1050, 1610, 1040, 2030, 870, 1130, 1150, 1130, 1080, 960, 780, 590, 860, 1120, 790, 1040, 870, 1130, 1150, 1130, 960, 780, 590, 860, 1120, 790, 1050, 1610, 1040, 2030, 870, 1130, 1150, 1130, 1080, 960, 780, 590, 860, 1040, 870, 1130, 1150, 1130, 1080, 960, 590, 1120, 1040, 870, 1130, 1150, 1130, 1080, 960, 780, 590, 860, 1120, 1040, 760, 870, 1130, 1150, 1130, 960, 590, 860, 1120, 1040, 2030, 870, 1130, 1130, 960, 780, 590, 860, 1040, 870, 1130, 1150, 1130, 1080, 960, 590, 1120, 1040, 870, 1130, 1150, 1130, 1080, 960, 590, 860, 1040, 870, 1130, 1150, 1130, 1080, 960, 780, 590, 860, 1040, 870, 1130, 1150, 1130, 960, 590, 860, 1120, 1040, 870, 1130, 1150, 1130, 960, 780, 590, 860, 1120, 790, 1040, 870, 1130, 880, 1130, 960, 590, 860, 1040, 870, 1130, 1150, 1130, 590, 860, 1120, 790, 1050, 1610, 1040, 2030, 870, 1130, 1150, 1130, 960, 780, 590, 860, 1040, 870, 1130, 1150, 1130, 960, 590, 860, 1040, 870, 1130, 1150, 1130, 1080, 960, 590, 1040, 870, 1130, 1150, 1130, 590, 860, 1120, 1040, 760, 870, 1130, 1130, 590, 1040, 870, 1130, 1150, 1130, 960, 590, 860, 1040, 870, 1130, 1130, 960, 590, 1040, 870, 1130, 1150, 1130, 960, 590, 860, 1120, 790, 1040, 870, 1130, 1130, 1080, 590, 1040, 870, 1130, 1150, 1130, 960, 590, 1040, 870, 1130, 1130, 1080, 590, 1040, 870, 1130, 1130, 960, 590, 1040, 870, 1130, 1130, 960, 590, 1040, 870, 1130, 1130, 590, 1040, 870, 1130, 1150, 1130, 960, 590, 1040, 870, 1130, 1130, 960, 590, 860, 1040, 870, 1130, 1130, 590, 1040, 870, 1130, 1130, 590, 1040, 870, 1130, 1150, 1130, 590, 1040, 870, 1130, 1130, 960, 590, 1040, 870, 1130, 1130, 960, 590, 860, 1040, 870, 1130, 1130, 590, 1040, 870, 1130, 1150, 1130, 590, 1040, 870, 1130, 1130, 590, 1040, 870, 1130, 1130, 590, 1040, 870, 1130, 1130, 590, 1040, 870, 1130, 1130, 590, 1040, 870, 1130, 1150, 1130, 590, 1040, 870, 1130, 1130, 960, 590, 1040, 870, 1130, 1130, 960, 590, 1040, 870, 1130, 1130, 590, 860, 1040, 870, 1130, 1130, 960, 590, 870, 1130, 1130, 590, 1040, 870, 1130, 1130, 590, 1040, 870, 1130, 1130, 960, 590, 1040, 870, 1130, 1130, 590, 870, 1130, 590, 1120, 870, 1130, 1130, 960, 590, 1040, 870, 1130, 1130, 590, 870, 1130, 1130, 960, 590, 1040, 870, 1130, 1130, 590, 870, 1130, 1130, 590, 870, 1130, 1130, 590, 870, 1130, 1130, 590, 590, 1120, 1040, 760, 1130, 880, 1130, 590, 1120, 1040, 1130, 880, 1130, 590, 1120, 1040, 1130, 1130, 590, 1120, 1040, 1130, 1130, 590, 1120, 1040, 870, 1130, 1130, 590, 1120, 1040, 870, 1130, 1130, 590, 1040, 870, 1130, 1130, 590, 1040, 870, 1130, 1130, 590, 1040, 1130, 1130, 590, 1040, 870, 1130, 1130, 590, 1040, 1130, 1130, 590, 1040, 1130, 1130, 590, 1040, 1130, 1130, 590, 1040, 870, 1130, 1130, 590, 1040, 1130, 1130, 590, 1040, 1130, 1130, 590, 1040, 1130, 1130, 590, 1040, 1130, 1130, 590, 1040, 1130, 1130, 590, 1120, 1040, 1130, 1130, 960, 590, 1040, 1130, 1130, 590, 1130, 590, 1130, 590, 1130, 590, 1120, 1040, 1130, 1130, 590, 1130, 590, 1040, 1130, 1130, 590, 1130, 590, 1040, 870, 1130, 1130, 590, 1130, 1130, 590, 1130, 590, 1040, 870, 1130, 1130, 590, 1040, 870, 1130, 1130, 590, 1130, 590, 1040, 870, 1130, 1130, 590, 1040, 1130, 1130, 590, 1130, 590, 1130, 1130, 590, 1130, 590, 1130, 590, 1040, 870, 1130, 1130, 590, 1130, 590, 1130, 590, 1130, 590, 1130, 590, 1130, 590, 1130, 590, 1130, 590, 1040, 870, 1130, 1130, 590, 1130, 590, 1130, 590, 1130, 590, 1130, 590, 1130, 590, 1130, 590, 1040, 1130, 1130, 590]]
all_x Any[Any[76.99999999999531, 0.0, 0.0, 0.0, 10.0, 0.0, 0.0, 17.0, 0.0, 7.815970093361102e-13, 0.0, 36.999999999999936, 0.0, 50.0, 6.247680094630454e-12, 0.0, 0.0, 9.265477274311706e-12, 0.0, 1214.9999999999711, 0.0, 34.99999999999936, 0.0, 0.0, 65.0, 7.0, 0.0, 98.0, 0.0, 0.0, 0.0, 17.99999999999812, 16.000000000000085, 0.0, 186.9999999999817, 0.0, 231.0, 0.0, 32.0, 161.9999999999831, -7.673861546209082e-12, 0.0, 6.000000000001127, 262.99999999997135, 4.6888361318689884e-12, 13.000000000002117, -3.3037364265559867e-13, 0.0, 4.567048180391873e-12, 0.0, 267.99999999999676, 0.0, 0.0, 0.0, -0.0, 0.0, -0.0, 0.0, 0.0, 397.0000000000053, -0.0, 1.814640477009037e-11, 0.0, 2.1454031524350448e-11, 0.0, 0.0, 0.0, 0.0, 4.3913798029544885e-13, 0.0, 0.0, -0.0, 6.441903887270912e-14, 0.0, 0.0, 0.0, 7.346928638316042e-14, 0.0, 0.0, 0.0, 0.0, 0.0, 0.0, 442.9999999999853, -3.4433681680506746e-13, 3.3037364265559867e-13, 0.0, 0.0, -2.990269770598825e-11, 0.0, 0.0, 0.0, 0.0, 8.825695882370925e-12, 0.0, 0.0, 0.0, -0.0, 7.645790015743795e-12, 0.0, 2.8931291849697205e-11, -3.178493693585238e-14, 0.0, 0.0, 0.0, 0.0, 0.0, 6.229140973282059e-12, 0.0, 0.0, 0.0, -8.475983182893968e-14, 0.0, 0.0, 0.0, -0.0, 357.00000000001967, 0.0, 0.0, 0.0, -1.0951239914902544e-12, 0.0, 0.0, -8.8362804760991e-12, 0.0, 0.0, 0.0, -2.9309887850104133e-12, 0.0, -1.1481623866231324e-12, 0.0, 0.0, 0.0, 0.0, -3.5663619171505585e-12, -2.399032195599116e-12, 0.0, 0.0, 0.0, 1.4064477930195376e-11, 0.0, 0.0, 0.0, 0.0, 0.0, 0.0, 0.0, 0.0, 0.0, 0.0, 0.0, 0.0, 0.0, 0.0, 0.0, 0.0, 0.0, 0.0, 0.0, 0.0, 0.0, 0.0, 0.0, 0.0, 0.0, 0.0, 0.0, 0.0, 0.0, 0.0, 0.0, 0.0, 1.0950036082692528e-12, 0.0, 0.0, 0.0, 0.0, 2.311682350016596e-13, 0.0, 1.291063732777531e-11, 1.4122935537781229e-11, 0.0, 3.8905766368915184e-12, 1.0960915632940493e-12, 0.0, 9.464429240324534e-12, 0.0, 239.99999999997277, 0.0, 0.0, 0.0, 0.0, 0.0, 0.0, 0.0, 0.0, 0.0, 0.0, 0.0, 0.0, 0.0, 0.0, 0.0, 0.0, 0.0, 0.0, 0.0, 0.0, 0.0, 0.0, 0.0, 0.0, 0.0, 0.0, 0.0, 1.1316858180340791e-13, 0.0, 0.0, 0.0, 0.0, 0.0, 0.0, 0.0, 0.0, 0.0, 0.0, 660.0000000000119, 0.0, 0.0, 0.0, 0.0, 0.0, 0.0, 0.0, 0.0, 0.0, 0.0, 0.0, 0.0, 0.0, 0.0, 0.0, 0.0, 0.0, 0.0, 0.0, 0.0, 0.0, 0.0, 0.0, 0.0, 0.0, 0.0, 0.0, 0.0, 0.0, 0.0, 0.0, 0.0, -0.0, 0.0, -1.5418687476419716e-11, 0.0, 0.0, 0.0, 0.0, 0.0, 0.0, 0.0, 0.0, 0.0, 0.0, 0.0, 0.0, 0.0, 0.0, 0.0, 0.0, 0.0, 0.0, 0.0, 0.0, 0.0, 0.0, 0.0, 0.0, 0.0, 0.0, 0.0, 0.0, 0.0, 0.0, 0.0, 0.0, 0.0, 0.0, 0.0, 0.0, 0.0, 0.0, 0.0, 0.0, 0.0, 0.0, 0.0, -6.985237003640544e-12, 0.0, 0.0, 0.0, 0.0, 0.0, 0.0, -2.1295907747021096e-12, 0.0, 0.0, 0.0, 0.0, 0.0, 0.0, 0.0, 0.0, 0.0, 0.0, 0.0, 0.0, 0.0, 0.0, 0.0, 0.0, 0.0, 0.0, 0.0, 0.0, 4.600522368167021e-12, 0.0, 0.0, 0.0, 0.0, 0.0, 0.0, 0.0, 0.0, 0.0, 0.0, 0.0, 0.0, 0.0, 0.0, 0.0, 0.0, 0.0, 0.0], Any[59.000000000001265, 0.0, 0.0, 7.000000000000173, 9.999999999999611, 0.0, 0.0, 17.000000000000007, 1.588765640661565e-13, -0.0, 0.0, 37.00000000000002, 25.00000000000236, 49.999999999993925, 0.0, 2.9609001639712414e-13, 32.0, 0.0, 0.0, 944.9999999999976, 0.0, 27.999999999997634, 0.0, 0.0, -0.0, -0.0, 0.0, 0.0, 0.0, -0.0, 0.0, 18.0, 0.0, -0.0, 162.00000000000034, 0.0, 0.0, 0.0, -0.0, 162.0, 0.0, 0.0, 0.0, -4.2632564145606036e-14, 18.0, 0.0, 65.0, 0.0, 0.0, 0.0, 0.0, 0.0, 0.0, 0.0, 0.0, 0.0, 231.0, 356.9999999999973, 67.9999999999892, 1.1628288063756742e-11, 270.0000000000001, 0.0, 0.0, 0.0, 0.0, 0.0, 0.0, 0.0, 0.0, 0.0, 0.0, 0.0, 0.0, 0.0, 0.0, 0.0, 0.0, 0.0, 0.0, 0.0, 0.0, 0.0, 0.0, 0.0, -2.750390565826392e-13, 0.0, 0.0, 356.9999999999965, 0.0, 0.0, 0.0, 0.0, 0.0, 0.0, 0.0, 0.0, 0.0, -0.0, 0.0, 0.0, 0.0, 0.0, 0.0, 0.0, 0.0, 0.0, 0.0, 0.0, 0.0, 0.0, 0.0, 0.0, 0.0, -9.076288867227094e-12, 0.0, 0.0, 269.99999999999966, 0.0, -4.315863518111474e-12, -1.258849017180394e-12, 0.0, 0.0, 0.0, 3.883736075733087e-13, 0.0, 0.0, 6.602351328746248e-13, 0.0, 0.0, 0.0, 0.0, 0.0, 0.0, 0.0, 0.0, 0.0, 0.0, 0.0, 0.0, 0.0, 0.0, 0.0, 0.0, -6.679519945578381e-13, -1.053006673773533e-11, 0.0, -0.0, 0.0, 0.0, 0.0, 0.0, 0.0, 329.0000000000108, -0.0, 0.0, 0.0, 0.0, -0.0, 1.017475205578715e-13, 0.0, 0.0, 0.0, 0.0, 0.0, 0.0, 0.0, 0.0, -2.7082767714323684e-12, 0.0, 0.0, 0.0, 0.0, -0.0, 0.0, -8.877934015444072e-12, 0.0, 6.653358558821891e-12, 0.0, 0.0, 0.0, 0.0, 0.0, 0.0, 0.0, 0.0, 0.0, 0.0, -0.0, 0.0, 0.0, 5.462840055947859e-12, 0.0, 0.0, -0.0, 0.0, 0.0, 0.0, 0.0, 0.0, 0.0, 0.0, 0.0, 0.0, 0.0, 0.0, 0.0, 0.0, 0.0, 3.3905752562479952e-12, 0.0, 0.0, 0.0, 0.0, 0.0, 0.0, 0.0, 0.0, 0.0, 0.0, 0.0, 0.0, 0.0, 0.0, 0.0, 0.0, 0.0, 0.0, 0.0, 0.0, 0.0, 0.0, 0.0, 0.0, -0.0, -0.0, 0.0, 0.0, -0.0, 1.0800249583553523e-11, -0.0, 0.0, 0.0, 0.0, 0.0, 0.0, 0.0, -0.0, 0.0, -0.0, 0.0, 0.0, 0.0, 0.0, 0.0, 0.0, 0.0, 0.0, 0.0, 0.0, 0.0, 0.0, 0.0, 0.0, 240.00000000000315, 0.0, 0.0, 0.0, 0.0, 0.0, 0.0, 0.0, 0.0, 0.0, 0.0, 0.0, 0.0, -0.0, 0.0, 0.0, 0.0, 0.0, 0.0, 0.0, 0.0, 0.0, 0.0, 0.0, 0.0, 98.0, 0.0, 0.0, 268.0, 0.0, 0.0, -1.4537778705082359e-12, 0.0, 0.0, 0.0, 0.0, 0.0, 0.0, 0.0, 0.0, 0.0, 0.0, 0.0, 303.0000000000035, 0.0, 0.0, 0.0, 0.0, 0.0, 0.0, 0.0, 0.0, 0.0, 0.0, 0.0, 0.0, 0.0, 0.0, 0.0, 0.0, -0.0, 0.0, 0.0, 0.0, 0.0, -0.0, 0.0, -0.0, 0.0, 0.0, 0.0, 0.0, 0.0, 0.0, 0.0, 0.0, 0.0, 0.0, 0.0, 16.0, 1.4369823480212422e-12, 0.0, 6.07185608897941e-12, 0.0, 0.0, 0.0, 0.0, 0.0, 0.0, 0.0, 0.0, -0.0, 0.0, 0.0, 0.0, 0.0, 0.0, 0.0, 0.0, 0.0, 0.0, 0.0, 0.0, 0.0, 0.0, 0.0, 0.0, -0.0, -0.0, 0.0, 0.0, 0.0, 0.0, -7.958078640513122e-13, 0.0, 0.0, 0.0, 0.0, 0.0, 0.0, 0.0, 0.0, 0.0, 0.0, 0.0, 0.0, 0.0, 0.0, 0.0, 0.0, 0.0, 0.0, 12.99999999999732, 0.0, 0.0, 0.0, 0.0, 0.0, 0.0, 0.0, 0.0, 6.0, 0.0, 0.0, 0.0, 0.0, 0.0, 0.0, 0.0, 0.0, 0.0, 0.0, 0.0, 0.0, 0.0, 0.0, 0.0, 0.0, 0.0, 0.0, 0.0, 0.0, 0.0, 0.0, 0.0, 0.0, 0.0, 0.0, 0.0, 0.0, 0.0, 0.0, 0.0, 0.0, 0.0, 0.0, 0.0, 0.0, 0.0, 0.0, 0.0, 0.0, 0.0, 0.0, 0.0, 0.0, 0.0, 0.0, 0.0, 0.0, 0.0, 0.0, 0.0, 0.0, 0.0, 0.0, 443.0000000000027, 0.0, 0.0, 0.0, 0.0, 0.0, 0.0, 0.0, 0.0, 0.0, 0.0, 0.0, 0.0, 0.0, 0.0, 0.0, 0.0, 0.0, 0.0, 0.0, 0.0, 0.0, 0.0, 0.0, 0.0, 0.0, 0.0, 0.0, 0.0, 0.0, 0.0, 0.0, 0.0, 0.0, 0.0, 0.0, 0.0, 0.0, 0.0, 0.0, 0.0, 0.0, 0.0, 0.0, 0.0, 0.0, 0.0, 0.0, 0.0, 0.0, 0.0, 0.0, 0.0, 0.0, 0.0, 0.0, 0.0, 0.0, 0.0, 0.0, 0.0, 0.0, 0.0, 0.0, 0.0, 0.0, 0.0, 0.0, 0.0, 0.0, 0.0, 0.0, 0.0, 0.0, 0.0, 0.0, 0.0, 0.0, 0.0, 0.0, 0.0, 0.0, 0.0, 0.0, 0.0, 0.0, 0.0, 0.0, 0.0, 0.0, 0.0, 0.0, 0.0, 0.0, 0.0, 0.0, 0.0, 0.0, 0.0, 0.0, 0.0, 0.0, 0.0, 0.0, 0.0, 0.0, 0.0, 0.0, 0.0, 0.0, 0.0, 0.0, 0.0, 0.0, 0.0, 0.0, 0.0, 8.325113153652597e-12, 0.0, 0.0, 0.0, 0.0, 0.0, 0.0, 0.0, 0.0, 0.0, 0.0, 0.0, 0.0, 0.0, 0.0, 0.0, 0.0, 0.0, 0.0, 0.0, 0.0, 0.0, 0.0, 0.0, 0.0, 0.0, 0.0, 0.0, 0.0, 0.0, 0.0, 0.0, 0.0, 0.0, 0.0, 0.0, 0.0, 0.0, 0.0, 0.0, 0.0, 0.0, 0.0, 0.0, 0.0, 0.0, 0.0, 0.0, -0.0, 0.0, 0.0, 0.0, 0.0, 0.0, 0.0, 0.0, 0.0, 0.0, 0.0, 0.0, 0.0, 0.0, 0.0, 0.0, 0.0, 0.0, 0.0, 0.0, 0.0, 0.0, 0.0, 0.0, 0.0, 0.0, 0.0, 0.0, 0.0, 0.0, 0.0, 0.0, 0.0, 0.0, 0.0, 0.0, 0.0, 0.0, 0.0, 0.0, 0.0, 0.0, 0.0, 0.0, 0.0, 0.0, 0.0, 0.0, 0.0, 0.0, 0.0, 0.0, 0.0, 0.0, 0.0, 0.0, 0.0, 0.0, 0.0, 0.0, 0.0, 0.0, 0.0, 0.0, 0.0, 0.0, 0.0, 0.0, 0.0, 0.0, 0.0, 0.0, 0.0, 0.0, 0.0, 0.0, 0.0, 0.0, 0.0, 0.0, 0.0, 0.0, 0.0, 0.0, 0.0, 0.0, 0.0, 0.0, 0.0, 0.0, 0.0, 0.0, 0.0, 0.0, 0.0, 0.0, 0.0, 0.0, 0.0, 0.0, 0.0, 0.0, 0.0, 0.0, 0.0, 0.0, 0.0, 0.0, 0.0, 0.0, 0.0, 0.0, 0.0, 0.0, 0.0, 0.0, 0.0, 0.0, 0.0, 0.0, 0.0, 0.0, 0.0, 0.0], Any[76.99999999999673, 6.000000000000865, 65.0, 0.0, 10.0, 1.448930738724508e-13, 0.0, 17.0, 48.99999999999974, 17.999999999999236, 15.999999999999947, 37.0, 0.0, 50.0, 0.0, 146.9999999999997, 32.000000000000014, 0.0, 0.0, 601.9999999999699, 6.000000000000001, -1.2646966987559688e-11, 0.0, 0.0, -0.0, 0.0, 0.0, 0.0, 0.0, -0.0, 0.0, 0.0, 0.0, -0.0, 0.0, 0.0, 0.0, 0.0, -0.0, 0.0, 0.0, 0.0, 0.0, 0.0, 0.0, 0.0, -0.0, 0.0, 0.0, 0.0, 0.0, 0.0, 0.0, 0.0, 0.0, 0.0, -0.0, 0.0, -0.0, -0.0, 0.0, 0.0, 0.0, 0.0, 0.0, 0.0, 0.0, 0.0, 0.0, 0.0, 0.0, 0.0, 0.0, 0.0, 0.0, 0.0, 0.0, 0.0, 0.0, 0.0, 0.0, 0.0, 0.0, 0.0, 0.0, 0.0, 447.99999999999926, 0.0, 0.0, 0.0, 0.0, 0.0, 0.0, 0.0, 1.5185396904692055e-12, 0.0, 0.0, 0.0, 0.0, 0.0, 0.0, 0.0, 0.0, 0.0, 0.0, 0.0, 0.0, 0.0, 0.0, 0.0, 0.0, 0.0, 0.0, 0.0, 0.0, -1.550399267631875e-14, 0.0, 0.0, 0.0, 0.0, 0.0, -0.0, 0.0, 0.0, 0.0, 0.0, 0.0, 0.0, 0.0, 0.0, 0.0, 0.0, 0.0, 0.0, 449.999999999999, 0.0, 162.0, 0.0, 0.0, 0.0, 0.0, 0.0, 0.0, 0.0, 0.0, 0.0, 0.0, 0.0, 0.0, 0.0, 0.0, 0.0, 0.0, 0.0, 0.0, 0.0, 0.0, 0.0, 0.0, 0.0, 0.0, 0.0, 0.0, 7.000000000000267, 0.0, 0.0, 0.0, 0.0, 0.0, 0.0, 0.0, 0.0, 0.0, 0.0, 230.99999999999912, 0.0, 0.0, 0.0, 0.0, 0.0, 0.0, 0.0, 0.0, 0.0, -2.673417043297377e-13, 0.0, 0.0, 212.0, 0.0, 0.0, 0.0, 5.3992522327793976e-14, 0.0, 187.00000000000057, 0.0, 0.0, 0.0, 0.0, 0.0, 0.0, 612.9999999999994, 0.0, 0.0, 0.0, 450.0, 0.0, 0.0, 0.0, 97.99999999999987, 0.0, 0.0, 0.0, 0.0, -0.0, 0.0, 0.0, 0.0, 0.0, 0.0, 0.0, 0.0, 0.0, 0.0, 0.0, 3.26784046322851e-12, 0.0, 0.0, 0.0, 0.0, 0.0, 0.0, 0.0, 0.0, 0.0, 0.0, 0.0, 0.0, 0.0, 0.0, 0.0, 0.0, 0.0, 3.068374876511965e-11, 0.0, 1.2646966987559688e-11, 0.0, 0.0, 0.0, 0.0, 0.0, 0.0, 0.0, 0.0, 7.639107576378335e-13, 0.0, 0.0, 0.0, 0.0, 0.0, 0.0, 0.0, 0.0, 397.0, 0.0, 0.0, 0.0, 0.0, 0.0, 0.0, 0.0, 0.0, 0.0, 0.0, 0.0, 0.0, 0.0, 0.0, -5.704913984211781e-13, 0.0, 0.0, 0.0, 0.0, 0.0, 0.0, 0.0, 0.0, 0.0, 0.0, -0.0, 0.0, 0.0, 0.0, 0.0, 0.0, 0.0, 0.0, 0.0, 0.0, 0.0, 0.0, 0.0, 0.0, 0.0, 0.0, -0.0, 0.0, 0.0, 0.0, 0.0, 0.0, 0.0, 0.0, 0.0, 0.0, 0.0, 0.0, 0.0, 0.0, 0.0, 0.0, 0.0, 0.0, 0.0, 0.0, 0.0, 298.0, 0.0, 0.0, 0.0, 0.0, 0.0, 0.0, 0.0, 0.0, 0.0, 0.0, 0.0, 0.0, 0.0, 0.0, 0.0, 0.0, 0.0, 0.0, 0.0, 0.0, 0.0, 0.0, 0.0, 0.0, 0.0, 0.0, 0.0, 0.0, 0.0, 0.0, 0.0, 0.0, 0.0, 0.0, 0.0, 0.0, 0.0, 0.0, 0.0, 0.0, 0.0, 0.0, 0.0, 0.0, 0.0, 0.0, 0.0, 0.0, 0.0, 0.0, 0.0, 0.0, 0.0, 0.0, 0.0, 0.0, 0.0, 0.0, 0.0, 0.0, 0.0, 0.0, 0.0, 0.0, 0.0, 0.0, 0.0, 0.0, 0.0, 0.0, 8.810729923425242e-13, 0.0, 0.0, 0.0, 0.0, 0.0, 0.0, 0.0, 0.0, 0.0, 0.0, 0.0, 0.0, 0.0, 0.0, 0.0, 0.0, 0.0, 0.0, 0.0, 0.0, 0.0, 0.0, 0.0, 0.0, 0.0, 0.0, 0.0, 0.0, 0.0, 0.0, 0.0, 0.0, 0.0, 0.0, 0.0, 0.0, 0.0, 0.0, 0.0, 0.0, 0.0, 0.0, 0.0, 0.0, 0.0, 0.0, 0.0, 0.0, 0.0, 0.0, 0.0, 0.0, 0.0, 0.0, 0.0, 0.0, 0.0, 0.0, 0.0, 0.0, 0.0, 0.0, 0.0, 0.0, 0.0, 0.0, 0.0, 0.0, 0.0, 0.0, 0.0, 0.0, 0.0, 0.0, 0.0, 0.0, 0.0, 0.0, 0.0, 0.0, 0.0, 0.0, 0.0, -0.0, 0.0, 0.0, 0.0, 0.0, 0.0, 0.0, 0.0, 0.0, 0.0, 0.0, 0.0, 0.0, 0.0, 0.0, 0.0, 0.0, 0.0, 0.0, 0.0, 0.0, 0.0, 0.0, 0.0, 0.0, 0.0, 0.0, 0.0, 0.0, 0.0, 0.0, 0.0, 0.0, 0.0, 0.0, 0.0, 0.0, 0.0, 0.0, 0.0, 0.0, 0.0, 0.0, 0.0, 0.0, 0.0, 0.0, 0.0, 0.0, 0.0, 0.0, 0.0, 0.0, 0.0, 0.0, 0.0, 0.0, 0.0, 0.0, 0.0, 0.0, 0.0, 0.0, 0.0, 0.0, 0.0, -2.614922167687439e-13, 0.0, 0.0, 0.0, 0.0, 0.0, 0.0, 0.0, 0.0, 0.0, 0.0, 0.0, 0.0, -0.0, 0.0, 0.0, 0.0, 0.0, 0.0, 0.0, 0.0, 0.0, 0.0, 0.0, 0.0, 0.0, 0.0, 0.0, 0.0, 0.0, 0.0, 0.0, 0.0, 0.0, 0.0, 0.0, 0.0, 0.0, 0.0, 0.0, 0.0, 0.0, 0.0, 0.0, 0.0, 0.0, 0.0, 0.0, 0.0, 0.0, 0.0, 0.0, 0.0, 0.0, 0.0, 0.0, 0.0, 0.0, 0.0, 0.0, 0.0, 0.0, 0.0, 0.0, 0.0, 0.0, 0.0, 0.0, 0.0, 0.0, 0.0, 0.0, 0.0, 0.0, 0.0, 0.0, 0.0, 0.0, 0.0, 0.0, 0.0, 0.0, 0.0, 0.0, 0.0, 0.0, 0.0, 0.0, 0.0, 0.0, 0.0, 0.0, 0.0, 0.0, 0.0, 0.0, 0.0, 0.0, 0.0, 0.0, 0.0, 0.0, 0.0, 0.0, 0.0, 0.0, 0.0, 0.0, 0.0, 0.0, 0.0, 0.0, 0.0, 0.0, 0.0, 0.0, 0.0, 0.0, 0.0, 0.0, 0.0, 0.0, 0.0, 0.0, 0.0, 0.0, 0.0, 0.0, 0.0, 0.0, 0.0, 0.0, 0.0, 0.0, 0.0, 0.0, 0.0, 0.0, 0.0, 0.0, 0.0, 0.0, 0.0, 0.0, 0.0, 0.0, 0.0, 0.0, 0.0, 0.0, 0.0, 0.0, 0.0, 0.0, 0.0, 0.0, 0.0, -0.0, 0.0, 0.0, 0.0, 0.0, 0.0, 0.0, 0.0, 0.0, 0.0, -0.0, 0.0, 0.0, 0.0, 0.0, 0.0, 0.0, 0.0, 0.0, 0.0, 0.0, 0.0, 0.0, 0.0, 0.0, 0.0, 0.0, 0.0, 0.0, 0.0, 0.0, 0.0, 0.0, 0.0, 0.0, 0.0, 0.0, 0.0, 0.0, 0.0, 0.0, 0.0, 0.0, 0.0, 0.0, 0.0, 0.0, 0.0, 0.0, 0.0, 0.0, 0.0, 0.0, 0.0, 0.0, 0.0, 0.0, 0.0, 0.0, 0.0, 0.0, 0.0, 0.0, 0.0, 0.0, 0.0, 0.0, 0.0, 0.0, 0.0, 0.0, 0.0, 0.0, 0.0, 0.0, 0.0, 0.0, 0.0, 0.0, 0.0, 0.0, 0.0, 0.0, 0.0, 0.0, 0.0, 0.0, 0.0, 0.0, 0.0, 0.0, 0.0, 0.0, 0.0, 0.0, 0.0, 0.0, 0.0, 0.0, 0.0, 0.0, 0.0, 0.0, 0.0, 0.0, 0.0, 0.0, 0.0, 0.0, 0.0, 0.0, 0.0, 0.0, 0.0, 0.0, 0.0, 0.0, 0.0, 0.0, 0.0, 0.0, 0.0, 0.0, 0.0, 0.0, 0.0, 0.0, 0.0, 0.0, 0.0, 0.0, 0.0, 0.0, 0.0, 0.0, 0.0, 0.0, 0.0, 0.0, 0.0, 0.0, 0.0, 0.0, 0.0, 0.0, 0.0, 0.0, 0.0, 0.0, 0.0, 0.0, 0.0, 0.0, 0.0, 0.0, 0.0, 0.0, 0.0, 0.0, 0.0, 0.0, 0.0, 0.0, 0.0, 0.0, 0.0, 0.0, 0.0, 0.0, 0.0, 0.0, 0.0, 0.0, 0.0, 0.0, 0.0, 0.0, 0.0, 0.0, 0.0, 0.0, 0.0, 0.0, 0.0, 0.0, 0.0, 0.0, 0.0, 0.0, 0.0, 0.0, 0.0, 0.0, 0.0, 0.0, 0.0, 0.0, 0.0, 0.0, 0.0, 0.0, 0.0, 0.0, 0.0, 0.0, 0.0, 0.0, 0.0, 0.0, 0.0, 0.0, 0.0, 0.0, 0.0, 0.0, 0.0, 0.0, 0.0, 0.0, 0.0, 0.0, 0.0, 0.0, 0.0, 0.0, 0.0, 0.0, 0.0, 0.0, 0.0, 0.0, 0.0, 0.0, 0.0, 0.0, 0.0, 0.0, 0.0, 0.0, 0.0, 0.0, 0.0, 0.0, 0.0, 0.0, 0.0, 0.0, 0.0, 0.0, 0.0, 0.0, 0.0, 0.0, 0.0, 0.0, 0.0, 0.0, 0.0, 0.0, 0.0, 0.0, 0.0, 0.0, 0.0, 0.0, 0.0, 0.0, 0.0, 0.0, 0.0, 0.0, 0.0, 0.0, 0.0, 0.0, 0.0, 0.0, 0.0, 0.0, 0.0, 0.0, 0.0, 0.0, 0.0, 0.0, 0.0, 0.0, 0.0, 0.0, 0.0, 0.0, 0.0, 0.0, 0.0, 0.0, 0.0, 0.0, 0.0, 0.0, 0.0, 0.0, 0.0, 0.0, 0.0, 0.0, 0.0, 0.0, 0.0, 0.0, 0.0, 0.0, 0.0, 0.0, 0.0, 0.0, 0.0, 0.0, 0.0, 0.0, 0.0, 0.0, 0.0, 0.0, 0.0, 0.0, 0.0, 0.0, 0.0, 0.0, 0.0, 0.0, 0.0, 0.0, 0.0, 0.0, 0.0, 0.0, 0.0, 0.0, 0.0, 0.0, 0.0, 0.0, 0.0, 0.0, 0.0, 0.0, 0.0, 0.0, 0.0, 0.0, 0.0, 0.0, 0.0, 0.0, 0.0, 0.0, 0.0, 0.0, 0.0, 0.0, 0.0, 0.0, 0.0, 0.0, 0.0, 0.0, 0.0, 0.0, 0.0, 0.0, 0.0, 0.0, 0.0, 0.0, 0.0, 0.0, 0.0, 0.0, 0.0, 0.0, 0.0, 0.0, 0.0, 0.0, 0.0, 0.0, 0.0, 0.0, 0.0, 0.0, 0.0, 0.0, 0.0, 0.0, 0.0, 0.0, 0.0, 0.0, 0.0, 0.0, 0.0, 0.0, 0.0, 0.0, 0.0, 0.0, 0.0, 0.0, 0.0, 0.0, 0.0, 0.0, 0.0, 0.0, 0.0, 0.0, 0.0, 0.0, 0.0, 0.0, 0.0, 0.0, 0.0, 0.0, 0.0, 0.0, 0.0, 219.00000000000026, 0.0, 0.0, 0.0, 0.0, 0.0, 0.0, 0.0, 0.0, 0.0, 0.0, 0.0, 0.0, 0.0, 0.0, 0.0, 0.0, 0.0, 0.0, 0.0, 0.0, 0.0, 0.0, 0.0, 0.0, 0.0, 0.0, 0.0, 0.0, 0.0, 0.0, 0.0, 0.0, 0.0, 0.0, 0.0, 0.0, 0.0, 0.0, 0.0, 0.0, 0.0, 0.0, 0.0, 0.0, 0.0, 0.0, 0.0, 0.0, 0.0, 0.0, 0.0, 0.0, 0.0, 0.0, 0.0, 0.0, 0.0, 0.0, 0.0, 0.0, 0.0, 0.0, 0.0, 0.0, 0.0, 0.0, 0.0, 0.0, 0.0, 0.0, 0.0, 0.0, 0.0, 0.0, 0.0, 0.0, 0.0, 0.0, 0.0, 0.0, 0.0, 0.0, 0.0, 0.0, 0.0, 0.0, 0.0, 0.0, 0.0, 0.0, 0.0, 0.0, 0.0, 0.0, 0.0, 0.0, 0.0, 0.0, 0.0, 0.0, 0.0, 0.0, 0.0, 0.0, 0.0, 0.0, 0.0, 0.0, 0.0, 0.0, 0.0, 0.0, 0.0, 0.0, 0.0, 0.0, 0.0, 0.0, 0.0, 0.0, 0.0, 0.0, 0.0, 0.0, 0.0, 0.0, 0.0, 0.0, 0.0, 0.0, 0.0, 0.0, 0.0, 0.0, 0.0, 0.0, 0.0, 0.0, 0.0, 0.0, 0.0, 0.0, 0.0, 0.0, 0.0, 0.0, 0.0, 0.0, 0.0, 0.0, 0.0, 0.0, 0.0, 0.0, 0.0, 0.0, 0.0, 0.0, 0.0, 0.0, 0.0, 0.0, 0.0, 0.0, 0.0, 0.0, 0.0, 0.0, 0.0, 0.0, 0.0, 0.0, 0.0, 0.0, 0.0, 0.0, 0.0, 0.0, 0.0, 0.0, 0.0, 0.0, 0.0, 0.0, 0.0, 0.0, 0.0, 0.0, 0.0, 0.0, 0.0, 0.0, 0.0, 0.0, 0.0, 0.0, 0.0, 0.0, 0.0, 0.0, 0.0, 0.0, 0.0, 0.0, 0.0, 0.0, 0.0, 0.0, 0.0, 0.0, 0.0, 0.0, 0.0, 0.0, 0.0, 0.0, 0.0, 0.0, 0.0, 0.0, 0.0, 0.0, 0.0, 0.0, 0.0, 0.0, 0.0, 0.0, 0.0, 0.0, 0.0, 0.0]]
all_y Any[Any[-1.9636178835775775e-14, 0.0, 0.0, 0.0, 0.0, 0.0, 0.0, 1.0, -5.29748948930873e-15, 0.0, 0.0, 0.0, 4.719623466508516e-14, 0.0, 1.0, 1.741055104667814e-15, 0.0, 0.0, 0.0, 0.0, 0.0, 0.0, 0.0, 4.767562560966766e-14, 0.0, 0.0, 0.0, 0.0, 0.0, 6.089397573855829e-14, 0.0, 0.9999999999998956, 0.0, 1.0, 0.0, 0.0, -1.5438796178140946e-14, 0.0], Any[0.0, 0.0, 0.0, -1.4482763483595552e-14, 0.0, 0.0, 0.0, 0.0, 0.0, 1.4535360079695928e-14, 0.0, 0.0, 0.0, 0.0, 1.0, 0.0, 0.0, 0.0, 0.0, 0.0, 0.0, 0.0, 0.0, 0.0, 0.0, 0.0, 0.0, 0.0, 0.0, 0.0, 0.0, 1.0, 0.0, 1.0, 0.0, 0.0, 0.0, 0.0, -3.929129379751989e-14, 0.0, 0.0, 0.0, 0.0, 0.0, 0.0, 0.0, 0.0, 3.883736075733087e-14, 1.0, 0.0, 0.0, 0.0, 0.0, 0.0, 0.0, 0.0, 0.0, 0.0, 0.0, 0.0, 0.0, 0.0, 0.0, 0.0, 0.0, 0.0, 0.0, 0.0, 0.0, 0.0, 0.0, 0.0, 0.0, 0.0], Any[1.0, -4.844997711349609e-16, 0.0, 0.0, 0.0, 0.0, 0.0, -0.0, 0.0, 0.0, 0.0, 0.0, 1.0, 0.0, 0.0, 0.0, 0.0, 0.0, 0.0, 0.0, 0.0, 0.0, 0.0, 0.0, 0.0, 0.0, 0.0, 0.0, 0.0, 0.0, 0.0, 0.0, 0.0, 0.0, 0.0, 0.0, 0.0, 0.0, 0.0, 0.0, 0.0, 0.0, 0.0, 0.0, 0.0, 0.0, 0.0, 0.0, 2.5887987563041287e-16, 0.0, 0.0, 0.0, 0.0, 0.0, 0.0, 0.0, 0.0, 0.0, 0.0, 0.0, 0.0, 0.0, -0.0, 0.0, 0.0, 4.24394865354352e-14, 0.0, 0.0, -0.0, 0.0, 0.0, 0.0, 0.0, 0.0, 0.0, 0.9999999999999987, 0.0, 0.0, 0.0, 0.0, 0.0, 0.0, 0.0, 0.0, 0.0, 0.9999999999999978, 0.0, 0.0, 0.0, 0.0, 0.0, 3.3745326454871235e-15, 0.0, 0.0, 0.0, 0.0, 0.0, 0.0, 0.0, 0.0, 0.0, 0.0, 0.0, 0.0, 0.0, 0.0, 0.0, 0.0, 0.0, 0.0, 0.0]]
all_z Any[Any[4.904e6, 2.4167167394631947e6, 1.7104895681111114e6, 1.4080187714166667e6, 432001.63123564806, -220413.45406666666, -279809.37693240726, -304376.97286388883, -312703.9328368057, -312703.93283680547, -312703.9328368057, -317085.0111354167, -317085.0111354166, -334235.35766736144, -334235.35766736144, -334235.3576673614, -334235.35766736104, -334235.35766736115, -334235.35766736104, -334235.357667361, -334235.35766736104, -334235.35766736115, -334235.35766736104, -334235.35766736104, -334235.35766736115, -334235.35766736104, -334235.35766736104, -334235.35766736115, -334235.3576673611, -334235.35766736115, -335137.55371180555, 707433.5799999919], Any[4.904e6, 2.2518450708875e6, 1.654160370928704e6, 1.08465065306875e6, 327145.00055092585, -44817.50900208313, -250782.0833509262, -264999.3757333335, -314126.1460812499, -314526.0637034722, -318864.2639840279, -318864.2639840279, -318864.2639840278, -318864.2639840278, -318864.2639840279, -318864.2639840279, -337397.49390902766, -337397.49390902795, -337397.4939090277, -337397.4939090277, -337397.4939090277, -337397.4939090277, -337397.4939090278, -337397.4939090281, -337414.3939701389, -343930.8862798612, -343930.886279861, -343930.886279861, -343930.88627986086, -343930.886279861, -343930.8862798611, -343930.886279861, -343930.8862798612, -343930.886279861, -343930.8862798612, -343930.8862798611, -343930.8862798611, -343930.88627986074, -343930.88627986086, -343930.8862798611, -343930.88627986086, -343930.8862798611, -343930.8862798612, -343930.886279861, -343930.8862798611, -343930.886279861, -343930.8862798611, -343930.88627986104, -343930.88627986086, -343930.88627986115, -343930.886279861, -343930.8862798611, -343930.88627986086, -343930.88627986115, -343930.8862798609, -343930.886279861, -348870.83926597214, -348870.83926597226, -348870.8392659721, -348870.8392659721, -350990.967390972, -351024.76751319447, -351024.76751319424, -351024.76751319435, -351024.7675131946, -351024.76751319424, -351024.76751319447, -351024.76751319424, -351024.76751319447, -351024.7675131946, -351024.7675131946, -351024.7675131944, -351024.7675131944, -351024.7675131946, -351024.7675131944, -351024.76751319447, -351024.76751319447, -351024.7675131943, -351024.7675131946, -351024.76751319435, -351024.76751319447, -351024.76751319406, -351024.7675131943, -351024.76751319435, -351024.7675131946, -351024.7675131942, -351024.76751319447, -351024.76751319447, 456684.5799999908], Any[4.904e6, 2.2350490348472223e6, 1.6186011249812504e6, 759025.2809465277, 534119.6130531251, 67500.69946041662, -78294.68659861112, -99947.37060416663, -269835.81625833333, -270389.4860777779, -291433.0823006943, -325735.051061111, -335685.4315458334, -338074.90756319446, -338558.3102284723, -362970.8002145835, -362970.8002145835, -367604.04378263885, -367604.0437826391, -367604.04378263897, -371801.077532639, -371801.077532639, -371801.07753263885, -371919.74242152786, -372138.777532639, -372138.777532639, -372138.777532639, -372138.77753263887, -372138.77753263875, -372138.77753263887, -372138.77753263875, -372138.7775326387, -372138.77753263887, -372138.7775326388, -372138.777532639, -372138.77753263875, -372138.777532639, -372138.777532639, -372138.77753263887, -372138.77753263887, -372138.777532639, -372138.77753263904, -372138.77753263875, -372138.777532639, -372138.7775326391, -372138.7775326389, -372138.77753263887, -372138.777532639, -372138.7775326389, -372138.7775326393, -372138.77753263887, -372138.7775326388, -372138.77753263887, -372138.77753263904, -372138.77753263904, -372138.77753263887, -372138.777532639, -372138.7775326389, -372138.777532639, -372138.7775326389, -372138.7775326389, -372138.77753263887, -372138.7775326389, -372138.7775326392, -372138.77753263887, -372138.7775326388, -372138.77753263887, -372138.7775326388, -372138.7775326388, -372138.77753263887, -372138.77753263875, -372138.7775326389, -372138.7775326391, -372138.77753263887, -372138.7775326388, -372138.777532639, -372138.7775326387, -372138.77753263887, -372138.7775326388, -372138.7775326391, -372138.77753263887, -372138.7775326389, -372138.77753263875, -372138.7775326389, -372138.77753263875, -372138.77753263887, -372138.777532639, -372138.7775326387, -372138.7775326387, -372138.7775326389, -372138.77753263887, -372138.77753263887, -372138.777532639, -372138.77753263887, -372138.7775326388, -372138.777532639, -372138.7775326388, -372138.7775326389, -372138.7775326388, -372138.7775326389, -373689.82983958366, -373689.82983958366, -373689.8298395834, -373689.82983958366, -373689.8298395834, -373689.8298395834, -373689.8298395834, -373689.82983958366, -373689.8298395834, -373689.82983958366, -373689.8298395834, -373689.8298395834, -373689.82983958366, -373689.8298395833, -373689.82983958366, -373689.8298395833, -373689.8298395834, -373689.8298395833, -373689.82983958366, -373689.82983958366, -373689.82983958366, -373689.82983958366, -373689.82983958366, -373689.82983958354, -373689.8298395833, -373689.8298395834, -373689.82983958366, -373689.82983958366, -373689.82983958337, -373689.8298395835, -373689.82983958354, -373689.8298395834, -373689.8298395833, -373689.82983958366, -373689.82983958366, -373689.82983958366, -373689.8298395834, -373689.8298395834, -373689.8298395834, -373689.8298395834, -373689.8298395834, -373689.8298395833, -373689.82983958366, -373689.8298395834, -373689.8298395833, -373689.82983958354, -373689.82983958366, -373689.8298395833, -373689.8298395834, -373689.82983958366, -373689.82983958366, -373689.82983958354, -373689.8298395834, -373689.8298395834, -373689.8298395834, -373689.82983958366, -373689.8298395833, 383672.90999995515]]
all_len_x Any[Any[0, 20, 25, 24, 32, 37, 37, 36, 31, 33, 31, 30, 28, 32, 32, 31, 31, 31, 31, 32, 30, 30, 31, 30, 31, 32, 31, 30, 33, 32, 33, 18], Any[0, 18, 23, 28, 31, 34, 35, 39, 37, 39, 39, 40, 40, 40, 40, 39, 38, 38, 38, 38, 38, 38, 38, 38, 38, 37, 36, 38, 38, 36, 37, 37, 36, 38, 37, 38, 37, 37, 38, 37, 38, 39, 38, 39, 39, 39, 36, 38, 37, 39, 38, 36, 38, 37, 39, 38, 39, 39, 38, 39, 39, 37, 39, 39, 36, 39, 36, 38, 38, 39, 36, 39, 37, 38, 38, 39, 38, 38, 39, 37, 39, 37, 38, 39, 36, 39, 39, 38, 20], Any[0, 16, 23, 27, 29, 34, 38, 38, 40, 40, 43, 44, 42, 43, 43, 42, 42, 43, 43, 43, 43, 43, 43, 43, 43, 43, 43, 43, 43, 43, 43, 43, 43, 43, 43, 43, 43, 43, 43, 43, 43, 43, 43, 43, 43, 43, 43, 43, 43, 43, 43, 43, 43, 43, 43, 43, 43, 43, 43, 43, 43, 43, 43, 43, 43, 43, 43, 43, 43, 43, 43, 43, 43, 43, 43, 43, 43, 43, 43, 43, 43, 43, 43, 43, 43, 43, 43, 43, 43, 43, 43, 43, 43, 43, 43, 43, 43, 43, 43, 43, 42, 42, 42, 42, 42, 42, 42, 42, 42, 42, 42, 42, 42, 42, 42, 42, 42, 42, 42, 42, 42, 42, 42, 42, 42, 42, 42, 42, 42, 42, 42, 42, 42, 42, 42, 42, 42, 42, 42, 42, 42, 42, 42, 42, 42, 42, 42, 42, 42, 42, 42, 42, 42, 42, 42, 42, 42, 13]]
all_len_x Any[Any[0, 10, 10, 10, 14, 16, 17, 15, 12, 12, 12, 10, 11, 12, 12, 13, 13, 12, 13, 13, 12, 12, 13, 13, 12, 13, 13, 12, 13, 13, 12, 4], Any[0, 10, 12, 12, 14, 14, 16, 17, 18, 19, 19, 19, 19, 19, 19, 19, 18, 18, 18, 18, 18, 18, 18, 18, 18, 17, 17, 18, 17, 17, 18, 18, 17, 18, 18, 17, 17, 17, 18, 17, 18, 18, 17, 18, 18, 18, 17, 17, 17, 18, 18, 17, 17, 17, 18, 17, 19, 19, 19, 19, 19, 18, 19, 19, 18, 19, 17, 19, 18, 19, 18, 19, 18, 19, 19, 19, 19, 19, 19, 18, 19, 18, 19, 19, 17, 19, 19, 19, 4], Any[0, 9, 13, 13, 13, 17, 17, 17, 18, 19, 21, 22, 21, 21, 21, 20, 20, 21, 21, 21, 21, 21, 21, 21, 21, 21, 21, 21, 21, 21, 21, 21, 21, 21, 21, 21, 21, 21, 21, 21, 21, 21, 21, 21, 21, 21, 21, 21, 21, 21, 21, 21, 21, 21, 21, 21, 21, 21, 21, 21, 21, 21, 21, 21, 21, 21, 21, 21, 21, 21, 21, 21, 21, 21, 21, 21, 21, 21, 21, 21, 21, 21, 21, 21, 21, 21, 21, 21, 21, 21, 21, 21, 21, 21, 21, 21, 21, 21, 21, 21, 20, 20, 20, 20, 20, 20, 20, 20, 20, 20, 20, 20, 20, 20, 20, 20, 20, 20, 20, 20, 20, 20, 20, 20, 20, 20, 20, 20, 20, 20, 20, 20, 20, 20, 20, 20, 20, 20, 20, 20, 20, 20, 20, 20, 20, 20, 20, 20, 20, 20, 20, 20, 20, 20, 20, 20, 20, 4]]
