z_low = -5.55987681000002e6
z_mid = -6.014140060000036e6
z_high = -5.84485058e6
total_revenue_low = 1.4862530000000015e7
total_revenue_mid = 1.4386530000000168e7
total_revenue_high = 1.482533e7
transported_cargo_low = 0.9920384029973088
transported_cargo_mid = 0.9521133356750173
transported_cargo_high = 0.9884088514225501
number_paths_w_flow_low = 40
number_paths_w_flow_mid = 35
number_paths_w_flow_high = 39
number_services_low = 11
number_services_mid = 9
number_services_high = 11
services = Matrix{Any}[
[4 613085.32 "Feeder_800" "ESALG" "AOLAD" "GAPOG" "GHTKD" "ESALG"], 
[3 460689.57 "Feeder_800" "ESALG" "NGAPP" "ESALG"], 
[4 598786.36 "Feeder_800" "ESALG" "TGLFW" "BJCOO" "CMDLA" "GALBV" "ESALG"], 
[3 465104.71 "Feeder_800" "ESALG" "NGAPP" "CIABJ" "ESALG"], 
[3 426187.5 "Feeder_800" "ESALG" "TGLFW" "GHTKD" "ESALG"], 
[2 243137.64 "Feeder_800" "ESALG" "SNDKR" "ESALG"], 
[5 761115.96 "Feeder_800" "ESALG" "CDMAT" "CGPNR" "CDBOA" "AOLAD" "AOLOB" "ESALG"], 
[3 466779.71 "Feeder_800" "ESALG" "BJCOO" "NGAPP" "ESALG"]
, 
[3 378139.17 "Feeder_450" "ESALG" "GNCKY" "SLFNA" "LRMLW" "ESALG"]]
all_revenues Any[[1750, 1630, 1560, 1240, 1310, 1620, 1600, 1170, 1620, 3430, 2040, 2060, 1630, 1650, 1940, 1980, 1930, 2040, 1380, 1660, 2090, 1260, 2310, 1610, 1810, 2610, 2150, 1550, 1730, 1530, 2020, 1560, 2000, 2060, 1970, 1630, 1170, 1750, 1630, 1560, 1240, 1310, 1620, 1600, 1170, 1620, 3430, 2040, 2060, 1630, 1650, 1940, 1980, 1930, 2040, 1380, 1660, 2090, 1260, 2310, 1610, 1810, 2610, 2150, 1550, 1730, 1530, 2020, 1560, 2000, 2060, 1970, 1630, 1170, 1750, 1630, 1310, 1620, 1600, 1170, 3430, 2040, 1630, 1650, 1940, 1980, 1930, 2040, 1660, 2090, 2310, 1610, 1810, 2610, 2150, 1550, 1730, 1530, 2000, 2060, 1970, 1630, 1170, 1750, 1630, 1310, 1600, 1170, 3430, 1630, 1650, 1930, 2040, 1380, 2090, 2310, 1810, 2610, 1550, 1730, 2000, 2060, 1970, 1630, 1170, 1750, 1630, 1310, 1620, 1600, 1170, 3430, 1630, 1650, 1930, 2040, 1380, 2090, 2310, 1810, 2610, 1550, 1730, 2000, 2060, 1970, 1630, 1170, 1750, 1630, 1310, 1620, 1600, 1170, 3430, 1630, 1650, 1930, 2040, 1380, 2310, 1810, 2610, 1550, 1730, 2000, 2060, 1970, 1630, 1170, 1750, 1630, 1620, 1600, 1170, 3430, 2040, 1630, 1650, 1930, 2040, 1380, 2310, 1810, 1550, 1730, 2060, 1970, 1630, 1170, 1750, 1630, 1620, 1600, 1170, 3430, 2040, 1630, 1650, 1930, 2040, 1380, 2310, 1810, 1550, 1730, 2060, 1970, 1630, 1170, 1750, 1630, 1310, 1620, 1600, 1170, 3430, 2040, 1630, 1650, 1930, 2040, 1380, 2310, 1810, 1550, 1730, 1560, 2060, 1970, 1630, 1170, 1750, 1630, 1310, 1620, 1600, 3430, 2040, 1630, 1650, 1930, 2040, 2310, 1550, 1730, 1560, 2000, 2060, 1970, 1630, 1170, 1750, 1630, 1600, 1170, 3430, 2040, 1630, 1650, 1930, 2040, 1380, 2310, 1610, 1810, 1550, 1730, 1560, 2060, 1970, 1630, 1170, 1750, 1630, 1600, 1170, 3430, 2040, 1630, 1650, 1380, 2310, 1550, 1730, 2060, 1970, 1170, 1630, 1600, 1170, 3430, 2040, 1650, 2040, 2310, 1550, 1730, 2060, 1970, 1630, 1600, 1170, 3430, 2040, 1650, 2310, 2060, 1970, 1630, 1600, 1170, 3430, 2040, 1650, 1550, 2060, 1970, 1630, 1600, 1170, 3430, 2040, 1650, 1630, 1600, 1170, 3430, 1650, 1630, 1600, 3430, 1650, 1630, 3430, 1650, 1550, 1630, 1650, 1530, 1630, 1600, 3430, 1650, 1530, 2060, 1630, 1530, 1630, 1650, 1530], [1750, 1630, 1560, 1240, 1310, 1620, 1600, 1170, 1620, 3430, 2040, 2060, 1630, 1650, 1940, 1980, 1930, 2040, 1380, 1660, 2090, 1260, 2310, 1610, 1810, 2610, 2150, 1550, 1730, 1530, 2020, 1560, 2000, 2060, 1970, 1630, 1170, 1750, 1630, 1560, 1240, 1310, 1620, 1600, 1170, 1620, 3430, 2040, 2060, 1630, 1650, 1940, 1980, 1930, 2040, 1380, 1660, 2090, 1260, 2310, 1610, 1810, 2610, 2150, 1550, 1730, 1530, 2020, 1560, 2000, 2060, 1970, 1630, 1170, 1750, 1630, 1560, 1310, 1620, 1600, 1170, 3430, 2040, 2060, 1630, 1940, 1930, 2040, 1660, 2090, 2310, 1810, 2610, 2150, 1550, 1730, 1530, 2020, 1560, 2000, 2060, 1970, 1630, 1170, 1750, 1630, 1240, 1310, 1600, 1170, 3430, 2040, 1650, 1980, 1930, 2040, 1660, 2090, 2310, 1610, 1810, 2610, 1550, 1730, 2000, 2060, 1970, 1630, 1170, 1750, 1630, 1600, 1170, 3430, 2040, 1980, 1930, 2040, 1380, 1660, 2090, 2310, 1610, 1810, 2610, 1550, 1730, 1530, 2020, 1560, 2000, 2060, 1970, 1630, 1170, 1750, 1630, 1310, 1620, 1600, 1170, 3430, 2040, 1930, 2040, 1660, 2090, 2310, 1610, 1810, 2610, 1550, 1730, 1560, 2000, 2060, 1970, 1630, 1170, 1750, 1630, 1310, 1620, 1600, 1170, 3430, 2040, 1650, 1930, 2040, 1380, 1660, 2090, 2310, 1810, 2610, 1550, 1730, 1530, 2000, 2060, 1970, 1630, 1170, 1750, 1630, 1310, 1620, 1600, 1170, 3430, 2040, 1630, 1650, 1930, 2040, 1380, 1660, 2090, 2310, 1610, 1810, 2610, 1550, 1730, 2000, 2060, 1970, 1630, 1170, 1750, 1630, 1310, 1600, 1170, 3430, 2040, 1630, 1650, 1930, 2040, 1380, 1660, 2090, 2310, 1610, 1810, 2610, 1550, 1730, 2000, 2060, 1970, 1630, 1170, 1750, 1630, 1310, 1600, 1170, 3430, 2040, 1630, 1650, 1930, 2040, 1380, 1660, 2090, 2310, 1810, 2610, 2150, 1550, 1730, 1560, 2000, 2060, 1970, 1630, 1170, 1750, 1630, 1310, 1600, 1170, 3430, 2040, 1630, 1650, 1930, 2040, 1380, 1660, 2090, 2310, 1810, 2610, 2150, 1550, 1730, 1560, 2000, 2060, 1970, 1630, 1170, 1750, 1630, 1310, 1600, 1170, 3430, 2040, 1650, 1930, 2040, 1380, 1660, 2090, 2310, 1810, 2610, 2150, 1550, 1730, 1560, 2000, 2060, 1970, 1630, 1170, 1750, 1630, 1600, 1170, 3430, 2040, 1650, 1930, 2040, 1380, 1660, 2090, 2310, 1810, 2610, 2150, 1550, 1730, 2060, 1970, 1630, 1170, 1750, 1630, 1310, 1600, 1170, 3430, 2040, 1630, 1650, 1930, 2040, 1660, 2310, 1610, 1810, 1550, 1730, 2060, 1970, 1630, 1170, 1750, 1630, 1310, 1600, 1170, 3430, 2040, 1630, 1650, 1930, 2040, 1660, 2310, 1610, 1810, 2150, 1550, 1730, 1560, 2000, 2060, 1970, 1630, 1170, 1750, 1630, 1310, 1600, 1170, 3430, 2040, 1630, 1650, 1930, 2040, 1660, 2310, 1610, 1810, 2150, 1550, 1730, 1560, 2000, 2060, 1970, 1630, 1170, 1750, 1630, 1310, 1600, 1170, 3430, 2040, 1630, 1650, 1930, 2040, 2310, 1610, 1810, 2150, 1550, 1730, 1560, 2000, 2060, 1970, 1630, 1170, 1750, 1630, 1310, 1600, 1170, 3430, 2040, 1630, 1650, 1930, 2040, 2310, 1810, 2150, 1550, 1730, 1560, 2060, 1970, 1630, 1170, 1750, 1630, 1310, 1600, 3430, 2040, 1630, 1650, 1930, 2040, 2310, 1810, 2150, 1550, 1730, 1560, 2060, 1970, 1630, 1170, 1750, 1630, 1600, 1170, 3430, 2040, 1630, 1650, 1930, 2040, 1380, 1660, 2310, 1810, 2150, 1550, 1730, 1560, 2060, 1970, 1630, 1170, 1750, 1630, 1600, 1170, 3430, 2040, 1630, 1650, 1930, 2040, 2310, 2150, 1550, 1730, 1560, 2060, 1970, 1630, 1170, 1750, 1630, 1600, 1170, 3430, 2040, 1650, 1930, 2040, 2310, 1810, 2150, 1550, 1730, 1560, 2060, 1970, 1630, 1170, 1630, 1600, 3430, 2040, 1650, 1930, 2040, 2310, 2150, 1550, 1730, 2000, 2060, 1970, 1630, 1170, 1750, 1630, 1600, 3430, 2040, 1650, 1930, 2040, 2310, 2150, 1550, 2060, 1970, 1630, 1170, 1630, 1600, 3430, 2040, 1650, 2040, 2310, 2150, 1550, 2000, 2060, 1970, 1630, 1750, 1630, 1600, 1170, 3430, 2040, 1650, 1930, 2040, 2310, 1810, 2150, 1550, 1730, 2060, 1970, 1630, 1170, 1750, 1630, 1600, 1170, 3430, 2040, 1650, 1930, 2040, 1380, 1660, 2310, 1810, 2150, 1550, 1730, 2060, 1970, 1630, 1170, 1630, 1600, 1170, 3430, 2040, 1650, 1930, 2040, 2310, 1550, 2060, 1970, 1630, 1170, 1630, 1600, 2040, 1650, 2310, 1550, 2060, 1970, 1630, 1600, 2040, 1650, 2310, 2060, 1970, 1630, 1600, 1650, 2310, 2060, 1750, 1630, 1600, 2040, 1650, 2310, 2060, 1970, 1630, 1600, 1650, 2310, 1630, 1650, 2310, 1630, 1650, 2310, 1550, 2060, 1630, 1650, 2310, 2060, 1630, 1650, 1630, 1650, 1630, 2040, 1650, 2040, 1650, 1650, 1630, 1650, 1630, 1650, 1650, 1750, 1630, 2040, 1650, 2040, 2060, 1970, 1630, 1650, 1630, 2040, 1650, 2040, 2060, 1970, 1650, 1750, 1630, 1600, 1170, 3430, 2040, 1650, 1930, 2040, 2310, 1810, 1730, 2060, 1970, 1630, 1170, 1630, 1650, 1550, 1650, 1630, 1650, 1650, 1630, 1650, 1750, 1650, 1630, 1600, 3430, 1650, 2040, 2060, 1970, 1630, 1650, 1630, 1650, 1650, 1650, 1650, 1630, 1630, 1650], [1750, 1630, 1560, 1240, 1310, 1620, 1600, 1170, 1620, 3430, 2040, 2060, 1630, 1650, 1940, 1980, 1930, 2040, 1380, 1660, 2090, 1260, 2310, 1610, 1810, 2610, 2150, 1550, 1730, 1530, 2020, 1560, 2000, 2060, 1970, 1630, 1170, 1750, 1630, 1560, 1240, 1310, 1620, 1600, 1170, 1620, 3430, 2040, 2060, 1630, 1650, 1940, 1980, 1930, 2040, 1380, 1660, 2090, 1260, 2310, 1610, 1810, 2610, 2150, 1550, 1730, 1530, 2020, 1560, 2000, 2060, 1970, 1630, 1170, 1750, 1630, 1560, 1600, 1170, 3430, 2040, 2060, 1630, 1650, 1980, 2040, 1380, 1660, 2310, 1810, 2610, 2150, 1550, 1730, 1530, 2020, 1560, 2000, 2060, 1970, 1630, 1170, 1750, 1630, 1240, 1310, 1620, 1600, 1170, 1620, 3430, 2040, 2060, 1650, 1980, 2040, 1660, 1260, 2310, 1810, 2610, 2150, 1550, 1730, 1530, 2020, 1560, 2000, 2060, 1970, 1630, 1170, 1750, 1630, 1240, 1620, 1600, 1170, 3430, 2040, 2060, 1650, 1980, 2040, 1660, 2310, 1610, 1810, 2610, 2150, 1550, 1730, 1530, 2020, 2000, 2060, 1970, 1630, 1170, 1750, 1630, 1240, 1620, 1600, 1170, 3430, 2040, 2060, 1630, 1650, 1940, 1980, 1930, 2040, 1660, 1260, 2310, 1810, 2150, 1550, 1730, 1530, 2000, 2060, 1970, 1630, 1170, 1750, 1630, 1240, 1310, 1620, 1600, 1170, 3430, 2040, 1650, 1930, 2040, 1660, 2310, 1810, 2610, 2150, 1550, 1730, 1530, 1560, 2000, 2060, 1970, 1630, 1170, 1750, 1630, 1240, 1310, 1620, 1600, 1170, 3430, 2040, 1650, 1930, 2040, 1660, 2310, 1810, 2150, 1550, 1730, 1530, 2000, 2060, 1970, 1630, 1170, 1750, 1630, 1240, 1310, 1620, 1600, 1170, 3430, 2040, 1650, 1930, 2040, 1660, 2310, 1810, 2150, 1550, 1730, 1530, 2000, 2060, 1970, 1630, 1170, 1750, 1630, 1240, 1600, 1170, 3430, 2040, 2060, 1650, 1930, 2040, 1380, 1660, 2310, 1810, 2150, 1550, 1730, 1530, 2000, 2060, 1970, 1630, 1170, 1750, 1630, 1240, 1600, 1170, 3430, 2040, 2060, 1650, 1930, 2040, 1380, 1660, 2310, 1810, 2150, 1550, 1730, 1530, 2000, 2060, 1970, 1630, 1170, 1750, 1630, 1240, 1600, 1170, 3430, 2040, 1650, 1940, 1930, 2040, 1380, 1660, 2310, 1810, 2150, 1550, 1730, 1530, 1560, 2060, 1970, 1630, 1170, 1750, 1630, 1240, 1600, 1170, 3430, 2040, 1630, 1650, 1930, 2040, 1380, 1660, 2090, 2310, 1810, 2150, 1550, 1730, 1530, 2020, 1560, 2060, 1970, 1630, 1170, 1750, 1630, 1600, 1170, 3430, 2040, 1630, 1650, 1930, 2040, 1380, 1660, 2090, 2310, 1810, 2150, 1550, 1730, 1530, 2020, 1560, 2060, 1970, 1630, 1170, 1750, 1630, 1600, 1170, 3430, 2040, 1650, 1930, 2040, 1380, 1660, 2090, 2310, 1810, 2150, 1550, 1730, 1530, 2020, 1560, 2060, 1970, 1630, 1170, 1750, 1630, 1600, 1170, 3430, 2040, 1650, 1930, 2040, 1380, 1660, 2090, 2310, 1810, 2150, 1550, 1730, 1530, 2020, 1560, 2060, 1970, 1630, 1170, 1750, 1630, 1600, 1170, 3430, 2040, 1650, 1930, 2040, 1380, 1660, 2090, 2310, 1810, 2150, 1550, 1730, 1530, 2020, 1560, 2060, 1970, 1630, 1170, 1750, 1630, 1600, 1170, 3430, 2040, 1650, 1930, 2040, 1380, 1660, 2310, 1810, 1550, 1730, 1530, 2020, 1560, 2060, 1970, 1630, 1170, 1750, 1630, 1600, 1170, 3430, 2040, 1650, 1930, 2040, 1380, 1660, 2310, 1810, 1550, 1730, 1530, 2020, 1560, 2060, 1970, 1630, 1170, 1750, 1630, 1600, 1170, 3430, 2040, 1650, 1930, 2040, 1380, 1660, 2310, 1810, 1550, 1730, 1530, 2020, 1560, 2060, 1970, 1630, 1170, 1750, 1630, 1600, 1170, 3430, 2040, 1650, 1930, 2040, 1380, 1660, 2310, 1810, 1550, 1730, 1530, 2020, 1560, 2060, 1970, 1630, 1170, 1750, 1630, 1600, 1170, 3430, 2040, 1650, 1930, 2040, 2310, 1810, 1550, 1730, 1530, 2020, 1560, 2060, 1970, 1630, 1170, 1750, 1630, 1600, 1170, 3430, 2040, 1650, 1930, 2040, 2310, 1810, 1550, 1730, 2020, 1560, 2060, 1970, 1630, 1170, 1750, 1630, 1600, 1170, 3430, 2040, 1650, 1930, 2040, 2310, 1810, 1550, 1730, 2020, 1560, 2060, 1970, 1630, 1170, 1750, 1630, 1600, 1170, 3430, 2040, 1650, 1930, 2040, 1660, 2310, 1810, 1550, 1730, 2020, 1560, 2060, 1970, 1630, 1170, 1750, 1630, 1600, 1170, 3430, 2040, 1650, 1930, 2040, 1380, 1660, 2310, 1810, 1550, 1730, 2020, 1560, 2060, 1970, 1630, 1170, 1750, 1630, 1600, 1170, 3430, 2040, 1650, 1930, 2040, 1380, 1660, 2310, 1810, 1550, 1730, 2020, 1560, 2060, 1970, 1630, 1170, 1750, 1630, 1600, 1170, 3430, 2040, 1650, 1930, 2040, 1380, 1660, 2310, 1810, 1550, 1730, 2020, 1560, 2060, 1970, 1630, 1170, 1750, 1630, 1600, 1170, 3430, 2040, 1650, 1930, 2040, 2310, 1810, 1550, 1730, 2020, 1560, 2060, 1970, 1630, 1170, 1750, 1630, 1600, 1170, 3430, 2040, 1650, 1930, 2040, 2310, 1730, 2020, 1560, 2060, 1970, 1630, 1170, 1750, 1630, 1600, 1170, 3430, 2040, 1650, 1930, 2040, 1380, 1660, 2310, 1810, 1550, 1730, 2020, 1560, 2000, 2060, 1970, 1630, 1170, 1750, 1630, 1600, 1170, 3430, 2040, 1650, 1930, 2040, 1380, 1660, 2310, 1810, 1730, 2020, 1560, 2060, 1970, 1630, 1170, 1750, 1630, 1600, 1170, 3430, 2040, 1650, 1930, 2040, 2310, 1810, 1730, 2020, 1560, 2060, 1970, 1630, 1170, 1750, 1630, 1600, 1170, 3430, 2040, 1650, 1930, 2040, 1660, 2310, 1810, 1730, 2020, 1560, 2000, 2060, 1970, 1630, 1170, 1750, 1630, 1600, 1170, 3430, 2040, 1650, 1930, 2040, 2310, 1730, 2020, 2060, 1970, 1630, 1170, 1750, 1630, 1600, 1170, 3430, 2040, 1650, 1930, 2040, 1380, 1660, 2310, 1810, 2610, 1730, 2020, 2060, 1970, 1630, 1170, 1750, 1630, 1600, 1170, 3430, 2040, 1650, 1930, 2040, 2310, 2610, 1730, 2020, 2060, 1970, 1630, 1170, 1750, 1630, 1600, 3430, 2040, 1630, 1650, 1930, 2040, 2310, 2610, 2020, 2060, 1970, 1630, 1170, 1750, 1630, 1600, 1170, 3430, 2040, 1630, 1650, 1930, 2040, 2310, 1810, 2610, 1730, 2020, 2060, 1970, 1630, 1170, 1750, 1630, 1600, 1170, 3430, 2040, 1630, 1650, 1930, 2040, 1380, 1660, 2310, 1810, 2610, 1550, 1730, 2020, 2060, 1970, 1630, 1170, 1750, 1630, 1600, 1170, 3430, 2040, 1630, 1650, 1930, 2040, 2310, 2610, 1730, 2020, 2060, 1970, 1630, 1170, 1750, 1630, 1600, 1170, 3430, 2040, 1650, 1930, 2040, 2310, 1810, 2610, 1550, 1730, 2020, 2060, 1970, 1630, 1170, 1750, 1630, 1600, 3430, 2040, 1650, 1930, 2040, 2310, 2610, 2020, 2060, 1970, 1630, 1170, 1750, 1630, 1600, 3430, 2040, 1650, 2040, 2310, 2610, 2020, 2060, 1970, 1630, 1750, 1630, 1600, 1170, 3430, 2040, 1650, 1930, 2040, 1660, 2310, 1810, 2610, 1730, 2020, 2000, 2060, 1970, 1630, 1170, 1750, 1630, 3430, 2040, 1650, 2040, 2310, 2610, 2060, 1970, 1630, 1170, 1750, 1630, 1600, 1170, 3430, 2040, 1650, 1930, 2040, 2310, 1810, 2610, 1730, 2020, 2060, 1970, 1630, 1170, 1750, 1630, 3430, 2040, 1650, 2040, 2310, 2610, 2020, 2060, 1970, 1630, 1630, 3430, 2040, 1650, 2040, 2310, 2610, 2060, 1970, 1630, 1600, 3430, 2040, 1650, 2040, 2310, 2610, 2060, 1970, 1750, 1630, 3430, 2040, 1650, 2040, 2310, 2610, 2060, 1970, 1630, 3430, 2040, 1650, 2310, 2610, 2060, 1970, 1630, 1600, 3430, 2040, 1650, 2040, 2310, 2610, 2060, 1630, 3430, 2040, 1650, 2310, 2610, 2060, 1630, 3430, 2610, 2060, 1630, 3430, 1650, 2610, 2060, 1970, 1630, 1170, 3430, 2610, 2060, 1630, 3430, 2040, 1650, 2040, 2610, 2060, 1970, 1630, 3430, 1650, 2610, 1630, 3430, 2610, 1630, 3430, 2610, 1630, 3430, 2610, 1630, 3430, 1650, 1550, 2020, 1630, 2610, 2060, 1630, 1650, 2020, 2060, 1630, 1650, 2020, 1630, 1650, 2060, 1630, 2040, 1750, 1630, 1600, 1170, 3430, 2040, 1650, 1930, 2040, 1380, 1660, 2310, 1810, 1730, 2060, 1970, 1630, 1170, 1630, 1650, 1630, 2040, 1650, 2040, 2060, 1970, 1630, 1630, 1650, 2060, 1630, 1630, 1650, 1630, 2060, 1630, 2060, 1630, 1630, 1630, 3430, 2040, 1650, 2040, 2060, 1970, 1750, 1630, 3430, 2040, 1650, 2040, 2310, 2060, 1970, 1630, 3430, 1650, 2020, 2060, 1970, 1630, 1630]]
all_x Any[Any[0.0, -0.0, 0.0, 0.0, 0.0, 16.0, 0.0, 0.0, 0.0, 7.125416649279939e-13, 0.0, 0.0, 0.0, 0.0, 0.0, 0.0, 0.0, 0.0, 0.0, 0.0, 0.0, 0.0, 0.0, 0.0, 0.0, 0.0, 52.0, 0.0, 0.0, 0.0, 0.0, 0.0, 0.0, 0.0, -1.0521498202600675e-12, 0.0, 0.0, 0.0, 0.0, 162.0, 2.0, 0.0, 0.0, 311.0000000000034, 0.0, 37.0, 0.0, 0.0, 227.0, 54.0, 2.0, 88.0, 17.0, 289.9999999999998, 175.99999999997863, 0.0, 565.0, -2.2563819389386526e-13, 189.0, 0.0, 0.0, 267.0, 326.0, 0.0, 0.0, 0.0, 51.00000000001222, 8.0, 0.0, 0.0, 133.0, 0.0, 0.0, 622.0000000000214, 0.0, 0.0, 0.0, 0.0, 0.0, 0.0, 0.0, 0.0, 0.0, 0.0, 0.0, 0.0, 0.0, 0.0, 0.0, 0.0, 0.0, 0.0, 0.0, 0.0, 0.0, 0.0, 800.0, 0.0, 0.0, 0.0, 0.0, 0.0, 0.0, 0.0, 0.0, 59.0, 0.0, 0.0, 0.0, 0.0, 0.0, 0.0, 0.0, 0.0, 19.0, 0.0, 0.0, 0.0, 0.0, 0.0, 0.0, 0.0, 0.0, 0.0, 0.0, 683.0, 0.0, 0.0, 0.0, 0.0, 0.0, 0.0, 0.0, 0.0, 0.0, 0.0, 0.0, 0.0, 0.0, 0.0, 0.0, 0.0, 0.0, 40.0, 0.0, 9.643464698171729e-12, 412.0, 0.0, 0.0, 0.0, 0.0, 0.0, 0.0, 0.0, 0.0, 0.0, 0.0, 0.0, 0.0, 0.0, 0.0, 0.0, 0.0, 0.0, 0.0, 0.0, 0.0, 0.0, 0.0, 0.0, 0.0, 0.0, 0.0, 0.0, 0.0, 0.0, 0.0, 0.0, 0.0, 27.0, 0.0, 0.0, 0.0, 0.0, 0.0, 0.0, 0.0, 0.0, 0.0, 0.0, 0.0, 0.0, 0.0, -3.410605131648481e-12, 0.0, 60.0, 0.0, 0.0, 0.0, 0.0, 520.0000000000214, 0.0, 0.0, 0.0, 0.0, 0.0, 0.0, 220.0, 0.0, 0.0, 0.0, 0.0, 0.0, 0.0, 0.0, 0.0, 0.0, 0.0, 0.0, 0.0, 0.0, 0.0, 0.0, 0.0, 0.0, 0.0, 0.0, 0.0, 0.0, 0.0, 0.0, 0.0, 0.0, 0.0, 0.0, 0.0, 0.0, 0.0, 0.0, 0.0, 0.0, 0.0, 0.0, 0.0, 0.0, 773.0, 0.0, 0.0, 0.0, 0.0, 0.0, 162.99999999997863, 0.0, 0.0, 0.0, 0.0, 0.0, 0.0, 0.0, 0.0, 0.0, 0.0, 0.0, 0.0, 94.0, 0.0, 0.0, 0.0, 140.0, 0.0, 0.0, 0.0, 0.0, -0.0, 114.0, 0.0, 0.0, 0.0, 274.0, 0.0, 0.0, 5.0, -0.0, 0.0, 0.0, 0.0, 0.0, 0.0, 0.0, 0.0, 0.0, 0.0, 0.0, 0.0, 0.0, 142.0, 0.0, 0.0, 0.0, 0.0, 0.0, 0.0, 0.0, 0.0, 0.0, 0.0, 0.0, 0.0, 0.0, 0.0, 0.0, 0.0, 0.0, -0.0, 0.0, 0.0, 0.0, 0.0, 0.0, 0.0, 0.0, 0.0, 0.0, 0.0, 0.0, 0.0, 101.0, 0.0, 0.0, 0.0, 0.0, 0.0, 0.0, 14.0, -7.125416649279939e-13, 0.0, 286.0, 0.0, 0.0, -1.2221335055073723e-11, 0.0, 0.0, 0.0, 0.0, 0.0, 0.0, 0.0, 0.0, 0.0, 0.0, 0.0], Any[0.0, -2.0378365661599673e-11, 162.0, 2.0, 0.0, 16.0, 0.0, 59.99999999997576, 37.0, 0.0, 0.0, 0.0, -2.940784195968385e-12, 0.0, 0.0, 16.999999999999883, 0.0, 0.0, 4.999999999999509, 0.0, -0.0, 0.0, 0.0, 0.0, 0.0, 0.0, 0.0, 0.0, 0.0, 0.0, 0.0, 0.0, 39.999999999995985, 0.0, 0.0, 0.0, 70.00000000003648, 0.0, 0.0, 0.0, -0.0, 0.0, -0.0, -0.0, -0.0, 0.0, -0.0, 0.0, 227.0, 54.00000000000312, 2.0, -8.442113828313866e-14, -0.0, 0.0, 0.0, 4.908851903366689e-13, 565.0, -0.0, 189.0, 0.0, 0.0, -0.0, 326.0, 0.0, -6.291320594676251e-13, -3.4605197741913145e-11, 0.0, -0.0, 0.0, 3.927081522693351e-12, 0.0, 0.0, 0.0, -6.652828017499588e-14, 0.0, -0.0, 0.0, 0.0, -0.0, 0.0, 0.0, 60.000000000004945, -0.0, -0.0, -0.0, 88.00000000000009, -0.0, 696.000000000001, 0.0, -0.0, 0.0, 0.0, 0.0, 0.0, 0.0, 800.0000000000008, 0.0, -0.0, 1.5575096767861396e-11, -0.0, 0.0, 0.0, -0.0, 101.99999999999898, 0.0, 0.0, -0.0, 0.0, -0.0, 0.0, 0.0, 0.0, 0.0, 0.0, -0.0, 0.0, -0.0, -0.0, -0.0, 0.0, -0.0, -0.0, 0.0, 2.0865152926273175e-13, -0.0, 0.0, 0.0, 0.0, -0.0, 0.0, -0.0, 0.0, -0.0, 0.0, 1.4547205856994532e-13, 1.1871878532463452e-13, -0.0, 0.0, -0.0, 0.0, 19.0, 0.0, 4.990647264808342e-14, -0.0, -0.0, 0.0, -1.0120391260896147e-12, 50.99999999999937, 8.0, 0.0, 0.0, 0.0, -6.899703250923545e-14, -0.0, 0.0, 3.4081188109149016e-11, 0.0, 0.0, -0.0, 0.0, 0.0, 0.0, 0.0, 0.0, 0.0, 0.0, -0.0, 0.0, 93.99999999999072, 4.544867405303905e-11, 0.0, 0.0, -0.0, 0.0, 0.0, 132.9999999999996, 220.0, 4.044893968374152e-11, 0.0, -0.0, 0.0, 0.0, -0.0, 0.0, -0.0, 0.0, -0.0, 0.0, 0.0, 0.0, -0.0, 0.0, -0.0, 0.0, 0.0, -0.0, 0.0, 3.747319939969194e-12, 0.0, -0.0, 0.0, -3.747319939969194e-12, 353.0000000000387, 0.0, 0.0, 0.0, 0.0, 0.0, 1.7096482706683903e-12, 0.0, 0.0, -0.0, 0.0, 0.0, -0.0, 0.0, 0.0, 0.0, 9.474828329321221e-15, 0.0, 0.0, 0.0, 0.0, 0.0, 0.0, 0.0, 0.0, 5.481282094876866e-13, 0.0, -7.282908847557313e-11, 0.0, -0.0, 0.0, 0.0, 0.0, 0.0, 1.227206617596876e-13, 0.0, -0.0, -0.0, 0.0, 0.0, 0.0, -0.0, 0.0, 9.228641578329375e-12, 0.0, -0.0, 1.4210854715202004e-13, 0.0, -0.0, 0.0, 0.0, -0.0, 613.0000000001196, 0.0, -6.652828017499588e-14, 0.0, -0.0, 0.0, 0.0, 6.652828017499588e-14, -2.518751260730353e-13, 0.0, 0.0, 0.0, -0.0, 0.0, -1.2235926947450622e-14, 0.0, 266.99999999999096, 0.0, 0.0, 0.0, -0.0, -0.0, -0.0, 0.0, 0.0, 0.0, 0.0, 0.0, 0.0, 0.0, 0.0, -0.0, 0.0, 0.0, 0.0, 0.0, -1.1493127215351184e-12, 0.0, -0.0, 0.0, 0.0, 0.0, 0.0, 0.0, 0.0, -2.4949842191948015e-11, -0.0, -0.0, -0.0, 0.0, 0.0, -0.0, 2.5979218776228675e-12, 0.0, -0.0, 0.0, 0.0, 2.7354145563476856e-12, 0.0, -0.0, 0.0, 317.0, 0.0, 0.0, 0.0, -0.0, 0.0, 0.0, -0.0, 0.0, -1.3463963645608096e-11, 483.0, -0.0, 0.0, -0.0, 0.0, -0.0, 0.0, 0.0, -0.0, 0.0, -0.0, 0.0, 0.0, 0.0, 0.0, 0.0, 0.0, 0.0, 0.0, 0.0, -0.0, -0.0, -0.0, 0.0, -5.684341886080802e-14, 2.147132798258001e-13, 0.0, -0.0, 0.0, 509.9999999999722, -0.0, 0.0, 2.8284020123033886e-12, 0.0, 0.0, -0.0, 7.019154349758022e-14, 0.0, 5.980813331818729e-14, 0.0, 0.0, -5.980813331818729e-14, -0.0, 0.0, 0.0, -2.8284020123033886e-12, 0.0, 0.0, 0.0, -2.2322588222323228e-11, -3.7221546408570775e-12, 0.0, 0.0, 0.0, 0.0, -4.988010005035927e-12, 0.0, 0.0, 0.0, -0.0, 0.0, 0.0, 0.0, 0.0, 0.0, 0.0, 0.0, 0.0, 0.0, 8.442113828313866e-14, 0.0, 0.0, -0.0, 0.0, 0.0, -0.0, 59.0, 0.0, 0.0, -0.0, 0.0, -0.0, 0.0, 0.0, 0.0, 0.0, 0.0, -0.0, 0.0, 0.0, -4.628884185157116e-12, 0.0, -8.442113828313866e-14, 0.0, -0.0, 0.0, 0.0, 0.0, 0.0, -0.0, -0.0, 0.0, -0.0, 0.0, 0.0, 0.0, 0.0, -0.0, 0.0, -4.351918644037802e-11, -0.0, -0.0, 0.0, 0.0, 0.0, 0.0, -0.0, 0.0, 0.0, -0.0, -6.044186625885384e-13, 0.0, -6.652828017499588e-14, 0.0, 0.0, 0.0, 0.0, 0.0, -0.0, 0.0, 0.0, 0.0, 0.0, -0.0, 0.0, 0.0, 0.0, -0.0, 0.0, 0.0, 0.0, 0.0, -0.0, -0.0, -0.0, 0.0, 0.0, 274.0000000000036, -0.0, 0.0, 0.0, 0.0, -0.0, 0.0, -0.0, 0.0, 0.0, -0.0, 0.0, 0.0, 0.0, 0.0, 0.0, 0.0, 0.0, 0.0, 0.0, -0.0, -0.0, 0.0, 0.0, 0.0, 0.0, 0.0, 0.0, 0.0, 0.0, 0.0, 0.0, -2.36140191135813e-11, -0.0, 0.0, 0.0, 0.0, 0.0, 0.0, 0.0, 41.00000000005447, -0.0, -0.0, -0.0, 0.0, 0.0, 0.0, 141.99999999995458, 0.0, 0.0, 0.0, -0.0, -0.0, 0.0, 0.0, 0.0, 0.0, 128.00000000001987, 0.0, 0.0, 0.0, 1.5150258739279003e-12, 0.0, 0.0, 0.0, 0.0, 0.0, 0.0, 286.0000000000165, 0.0, 140.00000000000813, 0.0, 0.0, 59.00000000009764, 0.0, -0.0, 0.0, 0.0, 0.0, 0.0, -0.0, 0.0, -0.0, 0.0, 0.0, 290.0000000000493, 0.0, 0.0, 0.0, 0.0, 0.0, 0.0, 0.0, 0.0, 0.0, -0.0, 0.0, -0.0, 0.0, -0.0, 51.999999999999545, 0.0, -0.0, 0.0, -0.0, 0.0, 0.0, 0.0, 0.0, -0.0, 0.0, 0.0, -0.0, 0.0, -0.0, -0.0, 0.0, 0.0, 0.0, 0.0, 0.0, 0.0, 0.0, 0.0, 0.0, 0.0, 0.0, 0.0, 0.0, -9.35743190250544e-11, 4.547473508864641e-13, 0.0, 0.0, 0.0, 0.0, 0.0, 0.0, 0.0, 0.0, 0.0, 0.0, 0.0, 0.0, 0.0, 0.0, 0.0, 0.0, 0.0, 0.0, 4.89708691356243e-11, 0.0, 0.0, 0.0, 0.0, 0.0, 0.0, 0.0, 0.0, 310.99999999999545, -3.296207751191105e-11, 0.0, 0.0, 0.0, 0.0, 0.0, 0.0, 0.0, 0.0, 0.0, 0.0, 0.0, -0.0, 0.0, -2.1503966077659346e-11, 0.0, 0.0, 0.0, -0.0, 0.0, 0.0, 0.0, 1.3156944265260358e-11, 0.0, 0.0, 0.0, 0.0, -0.0, 0.0, 0.0, 0.0, 0.0, 0.0, 0.0, 0.0, 6.139089236967266e-12, 0.0, 0.0, -0.0, 0.0, 0.0, 0.0, 0.0, 0.0, 0.0, 0.0, 0.0, -0.0, 0.0, 0.0, 0.0, 0.0, 0.0, 0.0, 0.0, 0.0, 0.0, 0.0, 0.0, 0.0, 0.0, 0.0, 0.0, 0.0, 0.0, 0.0, 0.0, 0.0, 0.0, 0.0, -0.0, 0.0, 0.0, 0.0, 0.0, 0.0, 0.0, 0.0, -0.0, 0.0, 0.0, 1.4288310826622432e-12, 0.0, 0.0, 0.0, 0.0, 0.0, 0.0, 0.0, 0.0, 0.0, 0.0, 0.0, 0.0, 0.0, 0.0, 0.0, 0.0, 0.0, 0.0, 0.0, 0.0, 0.0, -0.0, 0.0, 0.0, 0.0, 0.0, 0.0, 0.0, 0.0, 0.0, 173.00000000000387, 0.0, 0.0, 0.0, 0.0, 0.0, 0.0, -0.0, -0.0, 0.0, -8.676559854982129e-13, 0.0, 0.0, 0.0, 0.0, 0.0, -0.0, -0.0, 0.0], Any[0.0, 0.0, 5.115907697472721e-13, -0.0, -0.0, 0.0, 0.0, 0.0, 1.1368683772161603e-13, 0.0, 0.0, 0.0, 54.0, -0.0, 0.0, -0.0, 0.0, 0.0, 4.999999999999997, 0.0, -0.0, 0.0, 0.0, -0.0, 0.0, 0.0, -1.7763568394002505e-13, 0.0, 0.0, 0.0, -0.0, 0.0, 40.0, 0.0, 0.0, 0.0, 0.0, 0.0, 0.0, 161.9999999999995, -0.0, -0.0, -0.0, -0.0, 0.0, 36.999999999999886, 0.0, -0.0, 0.0, -0.0, -0.0, 0.0, -0.0, 0.0, 0.0, 0.0, -0.0, -0.0, -0.0, -0.0, -0.0, -0.0, 0.0, -0.0, 0.0, -0.0, -0.0, -0.0, 0.0, -0.0, -0.0, 0.0, -9.094947017729282e-13, -0.0, 669.0, 0.0, -0.0, -0.0, -0.0, 0.0, -0.0, -0.0, -0.0, 0.0, 0.0, -0.0, 0.0, -0.0, -0.0, 267.0, 0.0, -0.0, -0.0, 0.0, 0.0, 0.0, -0.0, -0.0, 0.0, 0.0, 0.0, -0.0, 0.0, 0.0, -0.0, 59.0, 0.0, -3.5228212214127714e-13, -0.0, -0.0, 0.0, 0.0, 0.0, 0.0, -0.0, -0.0, -0.0, -0.0, 0.0, -0.0, -0.0, -0.0, -0.0, 800.0, -0.0, -0.0, 0.0, -0.0, 0.0, 0.0, 0.0, -0.0, 0.0, -0.0, 0.0, 0.0, 0.0, -0.0, 0.0, -0.0, -0.0, 0.0, 17.0, -0.0, 565.0, 5.867960660501123e-13, 94.0, 1.103341898840704e-12, 0.0, 52.00000000000006, 0.0, 0.0, -0.0, -0.0, -0.0, 100.0, 0.0, 0.0, 0.0, 0.0, 0.0, -0.0, 0.0, -0.0, -0.0, 0.0, -0.0, -0.0, 0.0, 0.0, -0.0, -0.0, -0.0, 0.0, 0.0, 189.0, -0.0, 0.0, -0.0, -0.0, -0.0, 0.0, 0.0, 0.0, 0.0, -0.0, -0.0, -0.0, -0.0, -0.0, -0.0, 16.0, -0.0, -0.0, 0.0, -0.0, 0.0, 0.0, -0.0, -0.0, -0.0, 0.0, 0.0, 2.148830664408862e-13, -0.0, -0.0, 0.0, 0.0, -0.0, -0.0, 0.0, -0.0, 0.0, 0.0, 0.0, 0.0, -0.0, 0.0, -0.0, -0.0, 0.0, 0.0, 0.0, -0.0, -0.0, -0.0, -0.0, -0.0, -0.0, -0.0, -0.0, 0.0, -0.0, 0.0, 0.0, -0.0, 0.0, 0.0, 0.0, -0.0, -0.0, 0.0, 311.0, -6.154578502863769e-13, 0.0, -0.0, 0.0, -0.0, 696.0, 0.0, -0.0, -0.0, 7.361626088398794e-14, -0.0, 113.99999999999909, -0.0, -0.0, 33.0, 0.0, 412.0000000000009, -0.0, 0.0, 0.0, -0.0, -0.0, -3.160709893610088e-13, 0.0, -0.0, 227.0, 0.0, 0.0, 0.0, 0.0, 0.0, -4.4437703454716093e-13, -1.103341898840704e-12, -0.0, 0.0, -0.0, -0.0, -0.0, 0.0, -0.0, 0.0, -0.0, -0.0, 0.0, 2.0, -0.0, 0.0, 0.0, 0.0, -0.0, 0.0, -0.0, 0.0, 0.0, -0.0, -0.0, 0.0, -0.0, -0.0, -0.0, -0.0, -0.0, 0.0, 0.0, 0.0, -0.0, 0.0, 0.0, -0.0, -0.0, 0.0, -0.0, 0.0, 0.0, 88.0, -0.0, 0.0, 0.0, 0.0, -0.0, -0.0, -0.0, 0.0, 0.0, -0.0, 0.0, 0.0, 0.0, -0.0, 0.0, 0.0, 128.0, -0.0, -0.0, 0.0, -0.0, 0.0, -0.0, 2.0, -0.0, -0.0, -0.0, 0.0, -0.0, -0.0, -0.0, -0.0, 0.0, -0.0, -0.0, -0.0, -0.0, 0.0, 220.0, -0.0, -0.0, 0.0, -0.0, -0.0, -0.0, -0.0, -0.0, -0.0, 0.0, -0.0, 0.0, -0.0, 0.0, -0.0, -0.0, 0.0, -0.0, 0.0, 0.0, -0.0, 8.0, -0.0, 0.0, 0.0, 0.0, -0.0, 0.0, 0.0, 0.0, 9.315288396473858e-13, 0.0, -0.0, 0.0, 0.0, 0.0, 0.0, 0.0, 19.0, -0.0, 0.0, -0.0, -0.0, 0.0, 0.0, -0.0, 0.0, 0.0, -0.0, 0.0, -0.0, 0.0, 0.0, 0.0, 0.0, 0.0, -0.0, 0.0, -0.0, 0.0, 0.0, 0.0, -0.0, -0.0, 0.0, -1.6272961828487583e-13, 0.0, 0.0, 51.0, -0.0, 0.0, 0.0, 0.0, 0.0, 0.0, 0.0, 0.0, 0.0, 0.0, 0.0, -0.0, 0.0, -0.0, 0.0, 0.0, 0.0, -0.0, -0.0, 0.0, -0.0, 0.0, 0.0, -0.0, 0.0, 140.0, 0.0, 0.0, 0.0, 0.0, 0.0, 0.0, 0.0, 0.0, 0.0, 0.0, 0.0, 0.0, 0.0, 0.0, 0.0, -0.0, 0.0, 0.0, 0.0, -0.0, 0.0, 0.0, 0.0, 0.0, 0.0, 0.0, 14.0, -0.0, 0.0, -0.0, 0.0, -0.0, 0.0, 0.0, 0.0, 0.0, 0.0, -0.0, 4.853006885241485e-13, -0.0, 659.0000000000009, -0.0, -0.0, 0.0, 0.0, 0.0, 0.0, 126.99999999999909, 0.0, 0.0, 0.0, 0.0, 0.0, 0.0, 0.0, 0.0, 0.0, 0.0, 0.0, 142.00000000000006, 0.0, 0.0, 0.0, -0.0, -0.0, -0.0, 0.0, 0.0, 0.0, 658.0000000000009, 0.0, 0.0, -0.0, 0.0, 0.0, 0.0, 0.0, -0.0, 0.0, 0.0, 0.0, -0.0, 0.0, 286.0, 0.0, 0.0, -0.0, 0.0, 0.0, 0.0, 0.0, 0.0, 0.0, 0.0, -0.0, 0.0, 0.0, 0.0, 0.0, 0.0, 0.0, -0.0, 0.0, -0.0, 0.0, -0.0, -0.0, -0.0, 0.0, 0.0, -0.0, 0.0, -0.0, 0.0, 0.0, -0.0, -0.0, 0.0, 0.0, -0.0, 0.0, -0.0, -0.0, -0.0, 0.0, 0.0, 0.0, 0.0, 0.0, 0.0, 0.0, 0.0, 0.0, 0.0, 0.0, 0.0, 0.0, 0.0, 317.0, 0.0, -0.0, 0.0, -0.0, 0.0, -0.0, 0.0, 0.0, 0.0, 0.0, -0.0, 0.0, 0.0, -0.0, 0.0, 0.0, 0.0, 0.0, 0.0, 0.0, 0.0, 0.0, 0.0, -0.0, 0.0, -0.0, 0.0, 0.0, 0.0, 0.0, 0.0, 0.0, 0.0, -0.0, 0.0, 0.0, -0.0, 0.0, 0.0, -0.0, 0.0, 0.0, 0.0, 0.0, -0.0, 0.0, -0.0, 0.0, 0.0, 0.0, 0.0, 0.0, 0.0, 0.0, 0.0, 0.0, 0.0, -0.0, 0.0, 0.0, 0.0, 0.0, 0.0, 0.0, 0.0, 0.0, 0.0, -0.0, -0.0, 0.0, 0.0, -0.0, 0.0, 0.0, 0.0, -0.0, -0.0, 0.0, 0.0, 0.0, -0.0, 0.0, 0.0, 0.0, -0.0, 0.0, -0.0, 0.0, 0.0, -0.0, 0.0, 0.0, 0.0, -0.0, 0.0, 0.0, 0.0, 0.0, 0.0, 0.0, 0.0, 0.0, 0.0, -0.0, 0.0, -0.0, 0.0, -0.0, 0.0, 0.0, 0.0, -0.0, 0.0, 0.0, 0.0, 0.0, 0.0, 0.0, 0.0, 0.0, 6.154578502863769e-13, 0.0, 0.0, -0.0, 0.0, -0.0, 0.0, 0.0, -0.0, 0.0, 0.0, 0.0, 0.0, 0.0, 0.0, 0.0, 0.0, 0.0, 0.0, 0.0, 0.0, -0.0, 0.0, -0.0, 0.0, -0.0, 0.0, -0.0, 0.0, 0.0, 0.0, 0.0, 0.0, 0.0, 0.0, 0.0, 0.0, -0.0, 0.0, 0.0, 0.0, 0.0, 0.0, -0.0, 0.0, 0.0, 0.0, 0.0, 0.0, 0.0, 0.0, 0.0, 0.0, 0.0, -0.0, 0.0, 0.0, 0.0, -0.0, 0.0, 0.0, 0.0, 0.0, 0.0, -0.0, 0.0, 0.0, 0.0, 0.0, 0.0, 0.0, 0.0, -0.0, -0.0, 0.0, -0.0, -0.0, -0.0, 0.0, 0.0, -0.0, 0.0, 0.0, 0.0, 0.0, -0.0, 0.0, 0.0, 0.0, 0.0, 0.0, 0.0, 0.0, 0.0, 0.0, 0.0, 0.0, 0.0, 0.0, -0.0, 0.0, 0.0, 0.0, 0.0, 0.0, 0.0, 0.0, 0.0, 0.0, 0.0, 0.0, 0.0, 0.0, 0.0, 0.0, 0.0, 0.0, -0.0, 0.0, 1.0231815394945443e-12, 0.0, -0.0, 0.0, 0.0, 0.0, 0.0, 0.0, 0.0, -0.0, 0.0, 0.0, 274.0, 0.0, 0.0, 0.0, 0.0, 326.0, -0.0, -0.0, 0.0, 0.0, 0.0, 0.0, 0.0, 0.0, -0.0, 0.0, -0.0, -0.0, 0.0, -0.0, 0.0, -0.0, 0.0, 0.0, 0.0, 0.0, 0.0, 0.0, 0.0, 0.0, 0.0, 0.0, 0.0, 0.0, -0.0, 0.0, -0.0, 0.0, 0.0, 0.0, 0.0, 0.0, -0.0, 0.0, 0.0, 0.0, 0.0, 0.0, 0.0, 0.0, 0.0, 0.0, 0.0, 0.0, 0.0, 0.0, 0.0, 0.0, 0.0, 0.0, 0.0, 0.0, 0.0, 0.0, 0.0, 0.0, 0.0, 0.0, 0.0, 0.0, 0.0, 3.5228212214127714e-13, 0.0, -0.0, 0.0, -0.0, 0.0, -9.92024788390493e-13, 0.0, 0.0, 0.0, 0.0, 0.0, 0.0, 0.0, 0.0, 0.0, 0.0, 0.0, 0.0, 0.0, 0.0, 0.0, 0.0, 0.0, 0.0, 0.0, 0.0, 0.0, 0.0, 0.0, -0.0, 0.0, 0.0, 0.0, 0.0, 0.0, 0.0, -0.0, 0.0, 0.0, 0.0, 0.0, 0.0, -0.0, 0.0, 0.0, 0.0, 0.0, 0.0, 0.0, 0.0, 0.0, -0.0, 0.0, 0.0, 0.0, 0.0, -0.0, 0.0, 0.0, 0.0, 0.0, 0.0, 0.0, 0.0, 3.5228212214127714e-13, 0.0, 0.0, 0.0, 0.0, 0.0, 0.0, 0.0, 0.0, 0.0, -0.0, 0.0, 0.0, -0.0, 0.0, 0.0, 0.0, 0.0, 0.0, 0.0, -0.0, 0.0, 0.0, 0.0, 2.0102902010627474e-13, -0.0, 0.0, 0.0, 0.0, 0.0, 0.0, 0.0, 0.0, 0.0, 0.0, 0.0, 0.0, 3.765669381041161e-13, 0.0, -3.765669381041161e-13, 0.0, -0.0, 0.0, 0.0, 0.0, 0.0, 0.0, 0.0, 0.0, 0.0, 0.0, -0.0, 0.0, 0.0, -0.0, 0.0, 0.0, 0.0, 0.0, -0.0, 0.0, 0.0, 0.0, 0.0, 0.0, 0.0, -1.0201895300167216e-12, 0.0, 0.0, 0.0, -0.0, -0.0, -0.0, 0.0, 0.0, 0.0, 0.0, 0.0, 0.0, 0.0, 0.0, 0.0, 0.0, 0.0, 0.0, -0.0, 0.0, 0.0, 0.0, 0.0, 60.0, 0.0, 0.0, 0.0, 0.0, 0.0, 0.0, 0.0, -3.5228212214127714e-13, 0.0, 0.0, 0.0, 0.0, -0.0, 0.0, 0.0, 0.0, 0.0, 0.0, 0.0, -0.0, 0.0, 0.0, 0.0, -0.0, 0.0, 0.0, 0.0, 0.0, 0.0, 0.0, 0.0, 0.0, -0.0, 101.0, 0.0, 0.0, 0.0, 0.0, 0.0, -0.0, 0.0, 0.0, -0.0, 0.0, 0.0, 0.0, 0.0, 0.0, 0.0, 0.0, 0.0, 0.0, 0.0, 0.0, 0.0, 0.0, 0.0, -0.0, 0.0, 0.0, 0.0, -0.0, -0.0, 0.0, 0.0, 0.0, 0.0, 0.0, 0.0, 0.0, 0.0, 0.0, 0.0, 0.0, 0.0, 0.0, 0.0, -0.0, 0.0, 0.0, 0.0, 0.0, 0.0, 0.0, 0.0, 0.0, 0.0, 0.0, 0.0, -0.0, 0.0, 0.0, 0.0, 0.0, 0.0, 0.0, 0.0, 0.0, 0.0, 0.0, 0.0, 0.0, 0.0, 0.0, 0.0, 0.0, 0.0, 0.0, 0.0, 0.0, 0.0, 0.0, 0.0, 0.0, 0.0, 0.0, 0.0, 0.0, 0.0, -0.0, 0.0, 0.0, 0.0, 0.0, 0.0, 0.0, 0.0, 0.0, 0.0, 0.0, 0.0, 0.0, 0.0, 0.0, 0.0, 0.0, 0.0, 0.0, 0.0, 0.0, 0.0]]
all_y Any[Any[1.0, 0.0, 0.0, 0.0, 1.0, 0.0, -0.0, 1.0, 1.0, 0.0, -1.1875694415466593e-14, 0.0, 0.0, 0.0, 1.0, 0.0, 0.0, 0.0, 1.0, 0.0, 0.0, 0.0, 1.0, 1.0, 0.0, 1.0, 1.0, 0.0, 0.0, 0.0, 0.0, 0.0, 0.0, 0.0, 0.0, 0.0, 1.0, 0.0, 0.0, 0.0, 0.0, 0.0, 0.0, 0.0, 0.0, 0.0, 0.0, 0.0, 0.0, 0.0, 0.0, 0.0, 0.0, 0.0, 0.0, 0.0, 0.0, 0.0, 0.0, 0.0, 0.0, 0.0, 0.0], Any[1.0, 0.0, 0.0, 0.0, 1.0, 0.0, 0.0, 0.0, 1.0000000000000577, 9.817703806733378e-14, 0.0, 0.0, 0.0, -4.664354186537691e-15, 1.0, 0.0, 1.0, -0.0, 0.0, 0.0, 3.926868619756443e-15, 0.0, 1.0, 4.986751752274327e-16, 0.0, -0.0, 0.0, 0.0, 0.0, 0.0, 0.0, -2.8087787959919127e-14, 0.0, 5.309199217881215e-16, 0.0, 0.0, 0.0, 1.2998433981033374e-15, 1.0, 0.0, 1.6446180331575447e-14, 0.0, 0.0, 0.0, 0.0, 0.0, 0.0, 0.0, -0.0, -4.325649717739143e-14, -0.0, -0.0, 0.0, 0.0, 0.0, 0.0, 0.0, 0.0, 0.0, -3.3988685965140617e-16, -0.0, -0.0, 0.0, 0.0, 0.0, 0.0, 0.0, 0.0, -0.0, 0.0, 0.0, 0.0, 0.0, 0.0, 0.0, 0.0, 0.0, 0.0, 1.0, 0.0, 0.0, 0.0, 0.0, 0.0, 0.0, 0.0, 0.0, 0.0, 0.0, 0.0, 0.0, 0.0, -0.0, -0.0, 0.0, 0.0, 0.0, 0.0, 4.717573625088105e-15, 0.0, -0.0, 0.0, 0.0, 0.0, 1.0, 0.0, 0.0, -0.0, 0.0, -0.0, 0.0, 0.0, 0.0, 0.0, 0.0, 0.0, 0.0, 0.0, 0.0, 0.0, 0.0, 0.0, 0.0], Any[0.0, 0.0, -0.0, -0.0, 1.0, 0.0, -0.0, 0.9999999999999969, -0.0, 0.0, 0.0, 0.0, -0.0, 0.0, 0.0, -0.0, 0.0, 0.0, 0.0, 0.0, 0.0, -0.0, 1.0, 0.0, -0.0, 0.0, 0.0, 0.0, 0.0, 0.0, -0.0, 0.0, 0.0, 0.0, 0.0, -3.129415736247612e-15, 0.0, 0.0, 0.0, -0.0, -0.0, 1.0, -0.0, 0.0, 0.0, -0.0, 0.0, 0.0, 0.0, 0.0, 0.0, -0.0, 0.0, 0.0, 1.4156973246920756e-15, 0.0, 0.0, 0.0, -0.0, 0.0, 1.0, 0.0, 0.0, 0.0, 0.0, 0.0, 0.0, 0.0, 0.0, -0.0, 0.0, 0.0, 0.0, 0.0, 0.0, 0.0, -0.0, 0.0, 1.0, 0.0, 0.0, -0.0, -0.0, 0.0, 0.0, 0.0, 0.0, 0.0, -0.0, -4.4035265267659644e-16, 0.0, 0.0, -0.0, 0.0, 0.0, -0.0, 0.0, 0.0, 0.0, 0.0, -0.0, 0.0, 0.0, -0.0, 0.0, 1.0, -0.0, 0.0, -0.0, -0.0, 0.0, 0.0, 0.0, 0.0, 0.0, 0.0, -0.0, 0.0, 0.0, -0.0, 0.0, 0.0, -0.0, 4.132366662324735e-15, -0.0, 0.0, -0.0, 0.0, 0.0, 0.0, 1.000000000000001, 0.0, 0.0, 0.0, -0.0, 1.0, -0.0, 0.0, 0.0, -0.0, 0.0, -0.0, 0.0, 0.0, 0.0, 0.0, 0.0, 0.0, -0.0, 0.0, 0.0, 0.0, 0.0, -0.0, 0.0, 0.0, 0.0, 0.0, 0.0, 1.0, 0.0, 1.0, 0.0, 0.0, 0.0, 0.0, 0.0, 0.0, 0.0, 0.0, 0.0, 0.0, 0.0, -0.0, 0.0, 0.0, 0.0, 0.0, 0.0, 0.0, 0.0, 0.0, 0.0, 0.0, 0.0, 0.0, -0.0]]
all_z Any[Any[8.541e6, -2.9254537695916663e6, -5.898390332011108e6, -6.587097695713885e6, -6.806149717848611e6, -7.044410766287501e6, -7.0529176906375e6, -7.150506207037501e6, -7.1505555434375005e6, -7.166087338312502e6, -7.178443277512502e6, -7.192442625787504e6, -7.192442625787504e6, -7.216091990162504e6, -7.216091990162504e6, -7.216379005162501e6, -7.216379005162501e6, -7.216379005162501e6, -7.216450898625002e6, -7.216450898625002e6, -7.216450898625002e6, -7.216450898625002e6, -7.216858294912501e6, -5.55987681000002e6], Any[8.541e6, -1.262292951954444e6, -5.128300158672221e6, -6.214295789298613e6, -6.874364327795832e6, -6.960049907027777e6, -7.023101271465974e6, -7.056480755425001e6, -7.214008749637502e6, -7.238428084762503e6, -7.263003118825003e6, -7.2689554434375e6, -7.311133072200003e6, -7.335390313675005e6, -7.335989853400002e6, -7.335989853400002e6, -7.336655600175002e6, -7.338457257987501e6, -7.345043280487503e6, -7.345043280487503e6, -7.350063770962504e6, -7.3510479027125025e6, -7.3510479027125025e6, -7.3510479027125025e6, -7.3510479027125025e6, -7.3510479027125025e6, -7.352020406712503e6, -7.352020406712503e6, -7.352020406712503e6, -7.352020406712501e6, -7.352020406712501e6, -7.352020406712501e6, -7.352020406712501e6, -7.352020406712501e6, -7.352020406712503e6, -7.352020406712503e6, -7.352020406712501e6, -7.352020406712501e6, -7.352025260812501e6, -7.3520252608125e6, -7.3520252608125e6, -7.3520252608125e6, -7.3520252608125e6, -7.352025260812501e6, -7.352025260812501e6, -7.3520252608125e6, -7.3520252608125e6, -7.352025260812501e6, -7.3520252608125e6, -7.3520252608125e6, -7.352025260812501e6, -7.3520252608125e6, -7.352025260812501e6, -7.3520252608125e6, -7.3520252608125e6, -7.352025260812501e6, -7.352025260812501e6, -7.3520252608125e6, -7.3520252608125e6, -7.352025260812501e6, -7.3520252608125e6, -7.352025260812501e6, -7.3520252608125e6, -6.014140060000036e6], Any[8.541e6, -461264.0182327782, -5.581284063329167e6, -6.541391296183332e6, -6.978859429511112e6, -7.149995888443056e6, -7.306636321487503e6, -7.333577850700001e6, -7.360178698887503e6, -7.360890941637505e6, -7.378407440112502e6, -7.3908794869e6, -7.391066559774999e6, -7.396521432225004e6, -7.396521432225004e6, -7.398710944012501e6, -7.402013293512502e6, -7.408184259725002e6, -7.408184259725002e6, -7.408184259725002e6, -7.408184259725002e6, -7.408986717312503e6, -7.408986717312503e6, -7.409031961137502e6, -7.409031961137502e6, -7.409031961137502e6, -7.409031961137502e6, -7.409031961137502e6, -7.409031961137502e6, -7.409031961137502e6, -7.409031961137502e6, -7.409031961137502e6, -7.409031961137502e6, -7.409686111137503e6, -7.410755031137504e6, -7.410755031137504e6, -7.413082093712505e6, -7.413082093712505e6, -7.413082093712505e6, -7.413082093712505e6, -7.414850550512504e6, -7.414850550512504e6, -7.414850550512504e6, -7.414850550512504e6, -7.414850550512504e6, -7.414850550512505e6, -7.414850550512504e6, -7.414850550512505e6, -7.414850550512505e6, -7.414850550512505e6, -7.414850550512505e6, -7.414850550512505e6, -7.414883175512505e6, -7.414883175512506e6, -7.414883175512506e6, -7.414883175512506e6, -7.414883175512505e6, -7.414883175512505e6, -7.414883175512505e6, -7.414883175512505e6, -7.414883175512506e6, -7.414883175512506e6, -7.414883175512505e6, -7.414883175512506e6, -7.414883175512506e6, -7.414883175512505e6, -7.414883175512506e6, -7.414883175512505e6, -7.414883175512506e6, -7.414883175512505e6, -7.414883175512506e6, -7.414883175512506e6, -7.414883175512506e6, -7.414883175512506e6, -7.414883175512505e6, -7.414883175512506e6, -7.414883175512505e6, -7.414883175512506e6, -7.414883175512506e6, -7.414883175512505e6, -7.414883175512506e6, -7.414883175512505e6, -7.414883175512506e6, -7.414883175512505e6, -5.84485058e6]]
all_len_x Any[Any[0, 36, 43, 46, 45, 46, 49, 48, 48, 48, 45, 45, 44, 45, 45, 43, 43, 43, 44, 44, 45, 45, 43, 40], Any[0, 34, 42, 44, 48, 47, 51, 50, 50, 48, 49, 45, 47, 48, 48, 48, 46, 46, 46, 46, 44, 45, 43, 43, 44, 44, 43, 44, 43, 44, 43, 42, 44, 44, 43, 42, 42, 44, 44, 44, 44, 44, 44, 44, 43, 43, 43, 44, 44, 43, 44, 44, 43, 43, 43, 43, 43, 43, 43, 43, 44, 43, 44, 35], Any[0, 30, 45, 46, 49, 48, 45, 45, 47, 50, 48, 49, 48, 49, 49, 49, 46, 47, 47, 46, 47, 45, 45, 46, 47, 46, 46, 47, 46, 46, 47, 46, 46, 45, 46, 47, 47, 47, 47, 47, 46, 46, 46, 46, 46, 46, 46, 46, 46, 46, 46, 46, 46, 46, 46, 46, 46, 46, 46, 46, 46, 46, 46, 46, 46, 46, 46, 46, 46, 46, 46, 46, 46, 46, 46, 46, 46, 46, 46, 46, 46, 46, 46, 46, 39]]
all_len_x Any[Any[0, 19, 21, 21, 22, 23, 24, 24, 24, 25, 23, 23, 23, 22, 22, 21, 21, 21, 21, 21, 21, 21, 20, 11], Any[0, 23, 26, 25, 24, 23, 25, 25, 26, 27, 25, 23, 25, 26, 25, 25, 24, 24, 23, 23, 23, 23, 22, 22, 22, 23, 21, 22, 22, 22, 21, 21, 22, 22, 22, 21, 21, 22, 22, 22, 22, 22, 22, 22, 21, 21, 21, 22, 22, 21, 22, 22, 21, 21, 21, 21, 21, 21, 21, 21, 22, 21, 22, 9], Any[0, 19, 30, 28, 28, 26, 23, 23, 24, 26, 25, 25, 24, 26, 26, 26, 24, 24, 24, 24, 24, 23, 23, 23, 23, 23, 23, 23, 23, 23, 23, 23, 23, 22, 23, 23, 24, 24, 24, 24, 23, 23, 23, 23, 23, 23, 23, 23, 23, 23, 23, 23, 23, 23, 23, 23, 23, 23, 23, 23, 23, 23, 23, 23, 23, 23, 23, 23, 23, 23, 23, 23, 23, 23, 23, 23, 23, 23, 23, 23, 23, 23, 23, 23, 11]]
